[(-4.508642311524035, -172.16658882057388), (-17222050.0, -557250.0), (95572, 8189), 57.982756057296896, 724.2829977869987, 0.0]
[(-13.596238618524717, -172.4374611818673), (-16981550.0, -1675050.0), (106750, 10594), 122.53978945632312, 80777.22637391769, 54524.628601328004]
[(-19.0202331764747, -179.86955135396568), (-17412450.0, -2335150.0), (113351, 6285), 31.064449134018133, 6781.079638115771, 2261.075911414926]
[(27.782811633701964, -175.83476567743676), (-16336050.0, 3383250.0), (56167, 17049), 33.24154027718932, 0.0, 0.0]
[(3.9321992859878647, -159.34058115782443), (-15946350.0, 486050.0), (85139, 20946), 42.95346318982906, 5281.990754270926, 5281.990754270926]
[(-10.440301874144843, -160.98464119877494), (-15968950.0, -1288150.0), (102881, 20720), 52.32590180780452, 235959.6030628588, 153.83368067070842]
[(-19.736412712367454, -175.07492032181852), (-16902250.0, -2421750.0), (114217, 11387), 52.32590180780452, 114489.71534257835, 4289.067218622193]
[(-29.27140829707175, -177.90664737399047), (-16384150.0, -3558450.0), (125584, 16568), 56.568542494923804, 0.0, 0.0]
[(23.861887854306005, -166.23935170610844), (-15765350.0, 2917550.0), (60824, 22756), 35.84689665786984, 0.0, 0.0]
[(19.634618564714735, -155.6295659377979), (-15030850.0, 2409450.0), (65905, 30101), 209.06697491473875, 1678589.4980897666, 255063.03608602725]
[(1.832383377488014, -157.40064871585227), (-15770150.0, 226550.0), (87734, 22708), 93.98404119849285, 7243.531459629536, 7243.531459629536]
[(-4.013150652793299, -154.9283701723632), (-15503850.0, -496050.0), (94960, 25371), 58.60034129593445, 0.0, 0.0]
[(-8.91062353001452, -158.02268725067316), (-15719250.0, -1100050.0), (101000, 23217), 54.42425929675111, 179.38174800993875, 161.33867054106668]
[(-21.922479399029704, -157.90871816154154), (-15108550.0, -2685150.0), (116851, 29324), 37.013511046643494, 16372.08671141835, 671.6404696926475]
[(-7.9782700450422785, -140.6687038917026), (-14013850.0, -985250.0), (99852, 40271), 55.21775076911409, 201.49443466868252, 0.0]
[(-8.91062353001452, -140.15079556409484), (-13941450.0, -1100050.0), (101000, 40995), 94.08506789071261, 57406.66127643734, 0.0]
[(-17.64489159074847, -149.49961446897328), (-14543850.0, -2168450.0), (111684, 34971), 60.30754513325841, 253508.81150366087, 247663.58055285085]
[(-44.05075437272842, -176.49606435072386), (-14402250.0, -5236950.0), (142369, 36387), 67.08203932499369, 634.5296001425013, 634.5296001425013]
[(51.83683798256647, -177.9895314787564), (-13205050.0, 6064450.0), (29355, 48359), 90.24965373894794, 417.3791733898688, 64.36925601959229]
[(-8.909810993126841, -139.55547748323733), (-13882250.0, -1099950.0), (100999, 41587), 76.96752561957543, 1451.6741780145094, 1451.6741780145094]
[(-9.778007582772352, -139.10895771660597), (-13816550.0, -1206750.0), (102067, 42244), 70.40596565632774, 6493.636695683148, 2779.503745302558]
[(-21.872545699722092, -138.9757724480035), (-13299950.0, -2679150.0), (116791, 47410), 52.172789842982326, 2852.72193034309, 202.75056007504463]
[(-27.645563967075606, -144.32343271484245), (-13418950.0, -3367050.0), (123670, 46220), 37.69615364994153, 356.83633682876825, 356.83633682876825]
[(53.79445452071111, -166.70073127243379), (-12019950.0, 6264850.0), (27351, 60210), 149.64624953536256, 5703.755268666893, 5602.611236770637]
[(-24.352620861884578, -128.3313306866095), (-12141450.0, -2976150.0), (119761, 58995), 47.01063709417264, 2641.7503914879635, 0.0]
[(60.40800379850784, -172.682426856939), (-11111050.0, 6915650.0), (20843, 69299), 100.31948963187563, 0.0, 0.0]
[(56.25863589371202, -159.1619573613988), (-11037250.0, 6512250.0), (24877, 70037), 263.0684321616716, 5394.34610396758, 443.95079639996567]
[(18.349779424226305, -114.72557970506205), (-11133350.0, 2253950.0), (67460, 69076), 46.0, 0.0, 0.0]
[(-24.68213462080509, -124.78400029874936), (-11786650.0, -3015450.0), (120154, 62543), 32.202484376209235, 0.0, 0.0]
[(60.24412410580684, -156.4168501887742), (-10096750.0, 6900050.0), (20999, 79442), 861.8868835293875, 32565.919378147468, 5.7442015366827945]
[(60.24307455369957, -157.65297129593353), (-10176750.0, 6899950.0), (21000, 78642), 812.0751196779765, 30981.555661049544, 908.3127585632457]
[(41.8792319073524, -119.15735587592098), (-9941050.0, 4998350.0), (40016, 80999), 442.2951503238533, 1818876.596462835, 7621.082539137991]
[(37.36723872683389, -116.27016420398995), (-10104350.0, 4493050.0), (45069, 79366), 665.0090224951839, 55481457.84268132, 10790.695784960568]
[(31.81061440364579, -113.74182675297914), (-10305950.0, 3855050.0), (51449, 77350), 315.06348566598444, 8115405.367299579, 130679.33268115902]
[(23.47633023048737, -109.96087110531), (-10447250.0, 2871450.0), (61285, 75937), 90.2551937563706, 8166359.410701386, 583619.3075532236]
[(-27.078622803825738, -109.384237405652), (-10202750.0, -3300050.0), (123000, 78382), 51.0, 7836.298278328031, 7836.298278328031]
[(60.24412410580684, -142.19227774285523), (-9178550.0, 6900050.0), (20999, 88624), 891.0583594804551, 601428.1829572672, 1540.0176665462786]
[(57.06573584402323, -130.70019994602896), (-8941050.0, 6592050.0), (24079, 90999), 1074.6818133754753, 553032.9868585316, 5.139479999430478]
[(40.99266347005041, -112.7859754904885), (-9490350.0, 4900050.0), (40999, 85506), 510.7680491181883, 19317725.83885612, 562304.8449680372]
[(40.28786504891458, -113.39948998389444), (-9605250.0, 4821550.0), (41784, 84357), 490.1101916916236, 9770790.5482111, 18902.206436306224]
[(30.294866131284206, -106.06252462541444), (-9705850.0, 3678350.0), (53216, 83351), 303.58689036254515, 26211156.1617858, 26868.418546840127]
[(16.87689550064523, -94.35591172629746), (-9202950.0, 2075150.0), (69248, 88380), 232.64780248263682, 92862501.17035337, 1318350.227669735]
[(14.998450056644527, -92.61560565877623), (-9085650.0, 1846350.0), (71536, 89553), 56.08029957123981, 7134436.383363549, 3975112.3610231066]
[(-0.8083737990871553, -91.25983055328102), (-9145750.0, -99950.0), (90999, 88952), 163.62457028209425, 25534.34944572486, 25487.195779256523]
[(-0.8415346004551414, -91.28923716382873), (-9148650.0, -104050.0), (91040, 88923), 206.90335908341362, 16127.58651697915, 3968.8489725133404]
[(-26.469738180272575, -105.36315070979718), (-9860450.0, -3227950.0), (122279, 81805), 24.758836806279895, 0.0, 0.0]
[(71.52585382597121, -178.57805255586692), (-8637650.0, 7900050.0), (10999, 94033), 91.0, 0.0, 0.0]
[(65.52586664456526, -138.10441663608603), (-7941050.0, 7387850.0), (16121, 100999), 1075.8076036169293, 198018.60626537542, 83.32267836900428]
[(57.360624450056406, -127.44297031475308), (-8674050.0, 6621050.0), (23789, 93669), 1038.084774958192, 5205421.542867454, 504.2925691095443]
[(42.760418999315306, -108.11463577617228), (-8940950.0, 5095550.0), (39044, 91000), 248.2438317461282, 4344640.421314135, 22425.311459358854]
[(40.731069158119176, -105.99432540880521), (-8940950.0, 4870950.0), (41290, 91000), 121.56479753612885, 30838586.465350952, 1561707.9616627381]
[(29.47766042834681, -91.08845240785747), (-8378150.0, 3582650.0), (54173, 96628), 198.00252523642217, 18417440.225555107, 1096996.8075971294]
[(18.081712779596995, -89.87779253829635), (-8730350.0, 2221450.0), (67785, 93106), 348.919761549844, 12790704.139626905, 208661.66816611687]
[(11.397278288323779, -85.19184670465316), (-8433850.0, 1405650.0), (75943, 96071), 259.53805116013336, 40317201.071945466, 3303933.4465382514]
[(7.286034265472855, -80.73239274988101), (-8050850.0, 899950.0), (81000, 99901), 72.18032973047436, 1356506.8399509452, 781.1853273818269]
[(-6.175076648618993, -80.75165135259958), (-8064150.0, -762950.0), (97629, 99768), 154.63828762631846, 12474892.041045066, 1238196.9583652467]
[(65.32007007137165, -130.57633721434001), (-7546150.0, 7369450.0), (16305, 104948), 1531.3216513848422, 47905.85671108407, 0.0]
[(60.24307455369957, -119.37815898543528), (-7706050.0, 6899950.0), (21000, 103349), 1321.0071915019994, 1454725.5555870235, 0.0]
[(42.99236509550842, -87.04960911371357), (-7181950.0, 5121050.0), (38789, 108590), 574.0601013831217, 35128043.177480444, 3077639.949359611]
[(33.25702766674177, -81.63211289054848), (-7322750.0, 4022650.0), (49773, 107182), 119.9208072020865, 59868648.13990848, 1831981.3178661286]
[(26.309487742892177, -80.64131296390514), (-7553350.0, 3208950.0), (57910, 104876), 230.67292862405853, 25482271.161234632, 7150598.109711932]
[(22.316358293945502, -81.74181048197234), (-7807450.0, 2732450.0), (62675, 102335), 171.30382365843442, 25959991.470782228, 3389888.992052275]
[(9.354373695025437, -72.08127209745254), (-7164750.0, 1154650.0), (78453, 108762), 196.7587355112855, 27630532.68275701, 1173886.0825348194]
[(0.8932980200781775, -73.58411758150869), (-7374250.0, 110450.0), (88895, 106667), 706.3200407747184, 44173566.44322148, 13574.715820173733]
[(-2.986893898595544, -74.54507482880946), (-7464850.0, -369250.0), (93692, 105761), 647.7098115668775, 11691682.219973754, 18422.306886468083]
[(-10.936153394213397, -71.94020339468074), (-7128950.0, -1349050.0), (103490, 109120), 826.0750571225353, 23430925.162801582, 2817.146421507001]
[(-17.08174015553171, -71.54457181808326), (-6973350.0, -2100050.0), (111000, 110676), 158.5339080449353, 23340.015870269388, 23340.015870269388]
[(-33.74144456291264, -80.80522771507519), (-7223350.0, -4078550.0), (130785, 108176), 51.62363799656123, 965.7626434490085, 33.61924934387207]
[(71.52585382597121, -122.82752127454033), (-5941050.0, 7900050.0), (10999, 120999), 327.81854737034024, 112.48582578171045, 112.48582578171045]
[(65.77718861020048, -113.77609575971812), (-6501550.0, 7410250.0), (15897, 115394), 3059.531009811798, 6802.771622444017, 0.0]
[(53.769830385701965, -86.3731766426586), (-6230250.0, 6262350.0), (27376, 118107), 2199.3483125689754, 61912.76530420076, 0.0]
[(47.69456152463868, -86.8521969306046), (-6800850.0, 5629950.0), (33700, 112401), 984.6222625961694, 42918326.1741646, 1881.6109461510496]
[(35.69230563353435, -75.90298259480998), (-6686050.0, 4302450.0), (46975, 113549), 101.9803902718557, 54466535.90552114, 355049.38899230293]
[(19.15659556925584, -71.14806910999008), (-6884050.0, 2351650.0), (66483, 111569), 135.8712625980932, 16206635.548250068, 6478807.344981188]
[(8.004247519761075, -61.25778817744664), (-6102450.0, 988450.0), (80115, 119385), 362.28303852098844, 24737860.673101254, 176247.35697811912]
[(-0.39427554709439727, -59.27932072981831), (-5941050.0, -48750.0), (90487, 120999), 904.2991761579792, 1395338.7293432765, 2462.2163220301736]
[(-5.663697247286447, -69.46463342198268), (-6940950.0, -699850.0), (96998, 111000), 1055.7466552161081, 4336767.543740305, 38.79404768720269]
[(-11.366310543289842, -63.66195207926352), (-6302850.0, -1401850.0), (104018, 117381), 565.946993984419, 8501365.179726478, 87061.17131225794]
[(-19.247527692358005, -61.42297639136664), (-5941050.0, -2362650.0), (113626, 120999), 793.1115936613207, 12811230.905070491, 336.35553892329335]
[(-26.017036260586355, -68.42577702616573), (-6419150.0, -3174250.0), (121742, 116218), 452.1349356110408, 17910314.358521532, 1415.0562625636812]
[(-33.92803267906336, -69.52960513513835), (-6206950.0, -4100050.0), (131000, 118340), 280.6153951585693, 7746853.728102473, 549572.6867398648]
[(-46.3546282774143, -74.68278681430647), (-5941050.0, -5486550.0), (144865, 120999), 325.54108803651803, 61624.828620496206, 4.3379576141014695]
[(71.52585382597121, -111.64061462308076), (-5399950.0, 7900050.0), (10999, 126410), 1094.5684080951726, 0.0, 0.0]
[(65.66376147423533, -95.37344753475031), (-5465350.0, 7400150.0), (15998, 125756), 1848.5467264854303, 12531.155909798159, 0.0]
[(53.283353942866604, -72.60904239053748), (-5275650.0, 6212850.0), (27871, 127653), 2753.081182965733, 26990.327599758803, 0.0]
[(50.253089538758196, -70.19464922214034), (-5321450.0, 5899950.0), (31000, 127195), 942.7263653892363, 18412210.828224137, 161.965074220916]
[(32.32310517384389, -64.80529528483197), (-5851450.0, 3914550.0), (50854, 121895), 19.697715603592208, 62806.0000082273, 62806.0000082273]
[(7.286845548956396, -59.202751197448904), (-5903850.0, 900050.0), (80999, 121371), 326.84093990808435, 318834.92892527813, 35315.638305386994]
[(-0.8083737990871553, -59.28109671984418), (-5940950.0, -99950.0), (90999, 121000), 1181.36404211403, 2826463.04241736, 0.0]
[(-8.909810993126841, -56.2368689774966), (-5594150.0, -1099950.0), (100999, 124468), 841.2877034641598, 4118121.3711857675, 657.5351056307554]
[(-8.91062353001452, -52.81898959671258), (-5254150.0, -1100050.0), (101000, 127868), 922.3041797585003, 4405034.206728969, 111.082062577329]
[(-19.17808688831318, -61.40589124278246), (-5940950.0, -2354250.0), (113542, 121000), 796.755922475635, 10553419.749699559, 379.68942666612566]
[(-30.507056902861816, -62.59254761994), (-5720150.0, -3703150.0), (127031, 123208), 365.60361048545457, 21514947.12634007, 219722.43807737972]
[(-41.57026754399603, -67.45667609505098), (-5644750.0, -4964150.0), (139641, 123962), 271.0903908293321, 24645010.26137644, 17511.970105585176]
[(-48.53543653790565, -73.25680378303683), (-5677450.0, -5719250.0), (147192, 123635), 402.1989557420556, 1276618.460024638, 5898.165919614956]
[(-52.949406043442515, -72.19541221785542), (-5271450.0, -6178750.0), (151787, 127695), 270.8228203087768, 134723.19372218964, 1690.7314179213718]
[(71.52585382597121, -81.47876262933777), (-3941050.0, 7900050.0), (10999, 140999), 829.5589189442785, 282.41873418135424, 0.0]
[(65.09925601331277, -67.83208731543121), (-3941150.0, 7349650.0), (16503, 140998), 1872.0, 20671.421132651158, 0.0]
[(51.885293012871486, -62.6433602919645), (-4644350.0, 6069450.0), (29305, 133966), 1685.1507350976055, 57201.222449562934, 0.0]
[(48.29291432520864, -54.8917401765547), (-4266950.0, 5693550.0), (33064, 137740), 391.72439290909625, 673481.9153795758, 112827.86527087186]
[(-0.6482327764042424, -48.27986502794185), (-4838550.0, -80150.0), (90801, 132024), 201.41995928904365, 257688.64832082082, 237887.12425901525]
[(-8.75381664395485, -43.46047407395086), (-4324350.0, -1080750.0), (100807, 137166), 297.3213749463701, 21315289.64097684, 80517.46818622237]
[(-8.91062353001452, -43.52315303321895), (-4329450.0, -1100050.0), (101000, 137115), 327.11618730964693, 18958137.079852864, 161405.50673551747]
[(-24.372734448429494, -48.3563293583721), (-4574550.0, -2978550.0), (119785, 134664), 126.8897158953396, 91212674.40263571, 1328739.919155211]
[(-32.674296480534316, -52.84626498769642), (-4760050.0, -3955250.0), (129552, 132809), 191.2066944434739, 20627960.541091025, 370499.3641944735]
[(-34.02789882893155, -53.67787407559039), (-4788350.0, -4111550.0), (131115, 132526), 65.52098900352466, 359051.24396718544, 178153.43112393143]
[(-51.932797590416314, -59.329883990137006), (-4395750.0, -6074350.0), (150743, 136452), 213.56497840235883, 3867.8921097430284, 3857.7372369180666]
[(-53.77081524941252, -68.49996208395449), (-4940950.0, -6262450.0), (152624, 131000), 226.52372944131042, 177002.20106004877, 91578.67577022221]
[(71.52585382597121, -81.47669519140551), (-3940950.0, 7900050.0), (10999, 141000), 1091.377569862969, 3307.270850648846, 0.0]
[(71.52462205529915, -77.77067184859858), (-3761850.0, 7899950.0), (11000, 142791), 1973.6514383244069, 37684.32961065804, 0.0]
[(59.9685089780942, -45.319601225913075), (-2941050.0, 6873750.0), (21262, 150999), 35.0, 0.0, 0.0]
[(-8.74569262793941, -38.0529673549226), (-3786350.0, -1079750.0), (100797, 142546), 77.64663547121665, 24375033.812544405, 531274.2029966194]
[(-9.634063185670858, -38.676618700685594), (-3842450.0, -1189050.0), (101890, 141985), 170.57842770995398, 16561173.25079264, 676227.7410230433]
[(-19.002054753203815, -40.16990014487785), (-3888950.0, -2332950.0), (113329, 141520), 55.47071299343465, 4084082.3058852535, 903451.5183015967]
[(71.52585382597121, -40.13000398413521), (-1941050.0, 7900050.0), (10999, 160999), 5458.926084863212, 3346.9863098096484, 0.0]
[(71.52462205529915, -42.37967722158902), (-2049950.0, 7899950.0), (11000, 159910), 4458.207375167736, 18278.511209017088, 0.0]
[(60.24307455369957, -43.82618600680578), (-2829050.0, 6899950.0), (21000, 152119), 356.7702341844117, 1264.1166541725397, 1264.1166541725397]
[(38.48219594052742, -28.422593628738962), (-2446750.0, 4619050.0), (43809, 155942), 57.3149195236284, 217933.99851196876, 36810.238453450394]
[(16.83330500754068, -22.92145807545729), (-2235950.0, 2069850.0), (69301, 158050), 53.85164807134504, 259521.6378791919, 65586.6149157947]
[(15.324732006844993, -23.1692354629797), (-2270750.0, 1886150.0), (71138, 157702), 41.593268686170845, 379318.3620428415, 327483.4837288568]
[(-20.51683792094426, -29.31837712287103), (-2821750.0, -2515950.0), (115159, 152192), 43.139309220245984, 0.0, 0.0]
[(72.81758181933175, -41.99504371066806), (-1940950.0, 8003650.0), (9963, 161000), 5897.269961600876, 0.3889840992524538, 0.0]
[(71.52462205529915, -40.126263812894564), (-1940950.0, 7899950.0), (11000, 161000), 3320.8928016423533, 375366.69502153527, 0.0]
[(32.803859295402276, -17.17429893688162), (-1545550.0, 3970250.0), (50297, 164954), 48.010415536631214, 258135.872280921, 258135.872280921]
[(25.575090296898964, -13.206016313228316), (-1241750.0, 3121750.0), (58782, 167992), 886.4423275092407, 2739059.286790384, 1395.7829630738124]
[(20.104071604704853, -9.76151504875314), (-941050.0, 2466150.0), (65338, 170999), 889.855044375206, 7342378.680283615, 21.92615482956171]
[(7.973399338945231, -9.728095576895685), (-969150.0, 984650.0), (80153, 170718), 108.81176406988355, 49762001.22451659, 1282691.2951445533]
[(6.448267014310132, -9.68285440763383), (-966650.0, 796650.0), (82033, 170743), 63.89053137985315, 4199502.460184146, 1792807.3883167398]
[(-7.948234377486003, -14.316816938936242), (-1426350.0, -981550.0), (99815, 166146), 46.400431032480725, 978.5509084053338, 978.5509084053338]
[(-37.11944033757955, -12.268226000794597), (-1068350.0, -4464950.0), (134649, 169726), 65.94694837519019, 353.535736951977, 353.535736951977]
[(79.18178586940147, -27.371965606154472), (-940950.0, 8472850.0), (5271, 171000), 1617.2198366332266, 0.0, 0.0]
[(64.63190990462424, -16.015219349558024), (-940950.0, 7307550.0), (16924, 171000), 308.60978597575286, 77333.60432877584, 3745.2326049394906]
[(58.36054817853559, -6.354891626789224), (-424950.0, 6718750.0), (22812, 176160), 69.63476143421474, 71964026.32898119, 42372.53301439398]
[(42.1969080738847, -2.993375572723872), (-248950.0, 5033450.0), (39665, 177920), 60.21627686929839, 28553957.508260235, 1294313.4852521324]
[(32.84274202178573, -2.675966279061995), (-240750.0, 3974750.0), (50252, 178002), 333.1381094981479, 70858861.34832595, 191910.3130364495]
[(23.715475551983353, -3.914058633543507), (-371450.0, 2900050.0), (60999, 176695), 1084.1881755488757, 11213848.596436238, 1.4733033180236816]
[(19.801805727343616, -2.0550475961059207), (-198350.0, 2429650.0), (65703, 178426), 1639.261114038883, 3453956.9833181887, 0.0]
[(8.863497531384798, -3.5197131859562654), (-350150.0, 1094250.0), (79057, 176908), 334.24841061701403, 75104879.16701978, 865357.280310072]
[(5.394706084761028, -8.517873580840192), (-851350.0, 666650.0), (83333, 171896), 198.65799757371965, 54173652.17752296, 752225.1829984104]
[(-15.906457950475687, -5.683528601157157), (-556050.0, -1957050.0), (109570, 174849), 31.144823004794873, 3562.9133486757055, 3562.9133486757055]
[(-40.312060532484445, -9.949366918709886), (-842550.0, -4824250.0), (138242, 171984), 66.46803743153546, 0.0, 0.0]
[(78.58867048490902, 18.068209082445954), (642950.0, 8432350.0), (5676, 186839), 416.51530584121394, 3493.525086209178, 2751.2962443232536]
[(67.2042883937294, 16.879245691633), (929650.0, 7535950.0), (14640, 189706), 413.9975845340163, 2669660.1290106103, 22476.834884286858]
[(59.06778732766547, 13.630470401387644), (899750.0, 6787250.0), (22127, 189407), 210.95260131128984, 101913088.5594123, 931463.7547081877]
[(46.152934358591565, 10.57444903015284), (843150.0, 5464850.0), (35351, 188841), 95.75489543621255, 135062923.19497177, 7353709.997805269]
[(32.19811233837396, 1.5253920875270863), (137850.0, 3900050.0), (50999, 181788), 493.72563231009184, 54861117.677112356, 3612.3546758489683]
[(25.243827382619607, 6.487457087476105), (611050.0, 3082350.0), (59176, 186520), 857.3284084876693, 1081171.2783680244, 430.42396728508174]
[(17.07927163864526, 10.864434468038938), (1058950.0, 2099750.0), (69002, 190999), 978.7262129931945, 2231929.9809308555, 559.6835768222809]
[(15.437910141282467, 10.055197696519425), (985150.0, 1899950.0), (71000, 190261), 227.79376637651873, 176273041.86179253, 121654.18458847702]
[(0.447654781744292, 10.56616284073537), (1058950.0, 55350.0), (89446, 190999), 263.0931394012394, 136223791.40996125, 51075.29864713529]
[(-2.5879901179649583, 10.57261718566005), (1058950.0, -319950.0), (93199, 190999), 301.4962686336267, 31960.713123157155, 12267.93560694484]
[(80.62710795881232, 60.79083190315074), (1903850.0, 8568350.0), (4316, 199448), 167.19150696132863, 0.0, 0.0]
[(67.71555730543632, 36.18157654297719), (1965350.0, 7580350.0), (14196, 200063), 730.9343335758692, 6795163.501604608, 10223.144696937874]
[(58.760503778082246, 27.470683919862452), (1823650.0, 6757550.0), (22424, 198646), 193.19679086361657, 60314885.46721445, 718064.2236323629]
[(43.08250264942029, 19.515788610161575), (1608650.0, 5130950.0), (38690, 196496), 93.13431161500041, 86681618.8337207, 1771716.912934246]
[(32.19811233837396, 12.125124264837176), (1095750.0, 3900050.0), (50999, 191367), 213.7755832643195, 26581437.87468303, 2252479.0294859684]
[(23.715475551983353, 18.812665449984923), (1785350.0, 2900050.0), (60999, 198263), 1248.120587122895, 2394689.626424217, 0.0]
[(23.714639090163697, 17.510192700308046), (1661750.0, 2899950.0), (61000, 197027), 1176.0289112092441, 860174.8254340421, 324.4848608970642]
[(15.437910141282467, 17.526552022106614), (1717150.0, 1899950.0), (71000, 197581), 762.8505751456179, 53931370.80799331, 1881.1274689249694]
[(2.3905793185868256, 14.60682328682144), (1463150.0, 295550.0), (87044, 195041), 443.9909908995902, 26784955.09304156, 84869.30877999775]
[(-1.9545328979205046, 20.55111434041569), (2058950.0, -241650.0), (92416, 200999), 487.4033237473869, 51717524.140468776, 55866.61808555201]
[(-13.737701788212178, 18.067825302620612), (1778650.0, -1692350.0), (106923, 198196), 625.0887936925442, 26863453.56871131, 19392.97569492366]
[(-17.08174015553171, 21.12423672192598), (2058950.0, -2100050.0), (111000, 200999), 755.4415927125009, 3393369.0801113946, 7937.174331191927]
[(-25.614629572507493, 15.476572637999796), (1454950.0, -3126450.0), (121264, 194959), 400.25117114132223, 3834923.1163785206, 480.49248342821375]
[(-34.42519812173491, 20.615917285715295), (1833650.0, -4157250.0), (131572, 198746), 62.369864518050704, 5161754.966111789, 218478.56427103508]
[(75.10574336290067, 58.871900260357876), (2485550.0, 8180650.0), (8193, 205265), 732.1509407219252, 2015.5537161566317, 23.94242161512375]
[(65.97301764370937, 49.624721588550116), (2821850.0, 7427650.0), (15723, 208628), 932.2687380793159, 1645822.5525270724, 1549.5657573631033]
[(59.52486791520471, 46.73902493584054), (3058950.0, 6831250.0), (21687, 210999), 272.80029325497435, 51626154.12803741, 49639.319678450935]
[(44.90513346062914, 29.40417795415451), (2377450.0, 5329950.0), (36700, 204184), 132.90974381135493, 56339972.18524853, 914172.2083411724]
[(37.08066680446517, 34.0768281037411), (2968450.0, 4460550.0), (45394, 210094), 188.2817038376273, 48805130.52167012, 2182092.5576090734]
[(27.049036570514808, 26.363578812533977), (2459450.0, 3296550.0), (57034, 205004), 1266.0351495910372, 112142188.69742478, 35.36892667040229]
[(21.546474966379982, 23.284491860066208), (2231450.0, 2639950.0), (63600, 202724), 1392.053519086102, 1804885.578921157, 0.0]
[(7.286845548956396, 23.965990874487495), (2389950.0, 900050.0), (80999, 204309), 789.4536085166753, 26774995.647512235, 3708.673777334392]
[(7.286034265472855, 26.632358730416225), (2655850.0, 899950.0), (81000, 206968), 995.6691217467779, 24639628.986442, 423.43056701496243]
[(-2.184280462608859, 20.553949490591286), (2059050.0, -270050.0), (92700, 201000), 451.00997771667977, 91250149.73499109, 72187.90863278508]
[(-16.477321335630197, 21.08375240575706), (2059050.0, -2026550.0), (110265, 201000), 543.3415132308593, 37658233.14927812, 18199.027833880857]
[(-17.269384077831393, 21.138491204736656), (2059050.0, -2122850.0), (111228, 201000), 659.3693957107806, 25721669.589868035, 17799.27083740337]
[(-25.39260074096161, 22.15151764633694), (2084850.0, -3100050.0), (121000, 201258), 333.54609876297457, 54000777.86560868, 25347.795067701838]
[(-33.92803267906336, 23.065262883301237), (2059050.0, -4100050.0), (131000, 201000), 77.83315488916018, 514589.5805783303, 135124.62406558846]
[(-46.8969501871147, 37.758677454942195), (2984850.0, -5544750.0), (145447, 210258), 104.12012293500234, 0.0, 0.0]
[(73.96843959361343, 91.75034047400861), (4058950.0, 8093750.0), (9062, 220999), 1685.061719937878, 6287.198758590035, 0.0]
[(65.95949501184006, 62.92813474137346), (3579550.0, 7426450.0), (15735, 216205), 891.652398639739, 1203815.4844024773, 7830.08234112896]
[(60.24307455369957, 58.88081125606395), (3800850.0, 6899950.0), (21000, 218418), 609.7548687792497, 26121168.895903192, 259982.45248267357]
[(47.53224313604283, 49.42650368985063), (3877850.0, 5612650.0), (33873, 219188), 427.39794103388004, 30053220.263116185, 68296.38138389983]
[(35.07440758852901, 42.112856929296406), (3727350.0, 4231750.0), (47682, 217683), 521.8141431582704, 118337142.77841383, 1614486.6362625621]
[(30.73570014279439, 44.480217385595395), (4058950.0, 3729850.0), (52701, 220999), 741.9501330952102, 42280645.28021996, 37613.951127071865]
[(22.3180246362, 34.32156438237278), (3278150.0, 2732650.0), (62673, 213191), 776.9588148673004, 30222408.547682613, 32202.761070162058]
[(9.369819391664986, 33.1619671031321), (3296150.0, 1156550.0), (78434, 213371), 513.3517312720393, 119180311.85743573, 356114.0394428037]
[(-0.8083737990871553, 33.35924363930803), (3343150.0, -99950.0), (90999, 213841), 643.0956382996234, 132707046.23575504, 724022.6398483752]
[(-0.8091825978687809, 33.03295445335077), (3310450.0, -100050.0), (91000, 213514), 911.1009823285233, 95234036.92019287, 513245.14501052815]
[(-12.2053510984541, 34.368626837242076), (3396250.0, -1504750.0), (105047, 214372), 328.4402533186211, 62018284.542184204, 2880231.8745134547]
[(-21.63212451626642, 31.93193892988143), (3059050.0, -2650250.0), (116502, 211000), 160.65490966665163, 16909163.345334068, 212860.64424816845]
[(-25.39260074096161, 32.502386289674085), (3059050.0, -3100050.0), (121000, 211000), 76.05918747922567, 1410286.2741402066, 1388046.2171497908]
[(71.52585382597121, 89.47974742718446), (4328050.0, 7900050.0), (10999, 223690), 2493.9262218437816, 3906.511163590476, 0.0]
[(69.86323299558734, 99.12873546560138), (5058950.0, 7763050.0), (12369, 230999), 1496.1112926517199, 1892411.1954264392, 0.0]
[(58.176587644823236, 75.40416307199095), (5058950.0, 6700850.0), (22991, 230999), 776.9948519777979, 13050324.166335903, 3344.3319989391603]
[(42.06379202336701, 56.67679789126283), (4719850.0, 5018750.0), (39812, 227608), 782.8952675805366, 5903675.480031847, 256.28586592385545]
[(40.99176385771537, 60.12146399197477), (5058950.0, 4899950.0), (41000, 230999), 884.9774008414, 57779755.71130028, 2.7254667785018682]
[(29.96494597497816, 45.40245307359584), (4163450.0, 3639750.0), (53602, 222044), 546.5757038142109, 57727893.81995658, 10948.600916430354]
[(20.234155557142007, 49.88514362820883), (4806650.0, 2481850.0), (65181, 228476), 1420.6551305647688, 14360011.097133348, 0.0]
[(15.437910141282467, 49.77279481012247), (4876450.0, 1899950.0), (71000, 229174), 421.0997506529777, 51246444.1356417, 430983.3726413958]
[(1.4530112198011111, 41.67595038367048), (4176050.0, 179650.0), (88203, 222170), 339.418620585259, 23351977.14625994, 479609.82951594517]
[(-1.4942636114408372, 41.426929865369026), (4151050.0, -184750.0), (91847, 221920), 207.87015177749788, 471960.85735748755, 410337.9007797488]
[(-14.100913574024178, 49.073471929005976), (4826250.0, -1736750.0), (107367, 228672), 167.14664220378464, 8982511.853924975, 1865566.5873590554]
[(-24.27050297223393, 43.90417855215783), (4155450.0, -2966350.0), (119663, 221964), 135.80132547217644, 27871008.461315393, 794537.9607312763]
[(-25.39260074096161, 45.099378553624526), (4244650.0, -3100050.0), (121000, 222856), 34.132096331752024, 117983.12320040911, 117983.12320040911]
[(71.52585382597121, 106.10815071635267), (5132350.0, 7900050.0), (10999, 231733), 1321.9682295728594, 4874.864959188737, 0.0]
[(71.52462205529915, 104.58835876381372), (5059050.0, 7899950.0), (11000, 231000), 3627.142125696207, 26016.83846715791, 0.0]
[(60.24307455369957, 85.44251165982817), (5515450.0, 6899950.0), (21000, 235564), 1147.3818021914065, 9518505.755671352, 15.886624624021351]
[(42.89408940020179, 65.12486488724993), (5378450.0, 5110250.0), (38897, 234194), 784.298412595614, 16955513.884578895, 13234.487552587176]
[(40.99176385771537, 60.12265240980835), (5059050.0, 4899950.0), (41000, 231000), 705.7279929264532, 67431978.95201716, 1.1212188601493835]
[(30.098231394164426, 59.05798828531496), (5411150.0, 3655350.0), (53446, 234521), 803.5178902799862, 25216431.746156476, 13840.47666214779]
[(20.01626752561446, 52.45936940412612), (5059050.0, 2455550.0), (65444, 231000), 966.8696913234999, 4147628.4022160494, 117.53919516690075]
[(12.463216405399432, 53.670946525843235), (5300450.0, 1536350.0), (74636, 233414), 195.77793542685038, 145037.0550615862, 86545.44356387854]
[(-5.436023989973654, 53.344138888175), (5331450.0, -671750.0), (96717, 233724), 45.221676218380054, 111247.56437556073, 149.37815567851067]
[(-10.124548514249284, 51.17184166595637), (5079150.0, -1249350.0), (102493, 231201), 39.59797974644666, 264.4649762250483, 0.0]
[(-21.243113841650914, 55.769037739295285), (5351450.0, -2603450.0), (116034, 233924), 60.13318551349163, 2295907.9292154294, 1031821.999940014]
[(71.52585382597121, 141.4799462993912), (6843250.0, 7900050.0), (10999, 248842), 761.8320024782366, 7811.902444999665, 0.0]
[(65.71652226335624, 105.87242081969535), (6059050.0, 7404850.0), (15951, 241000), 1814.5467753684388, 97662.97305538272, 0.0]
[(54.34743728155003, 95.90267996989436), (6856950.0, 6320850.0), (26791, 248979), 909.4492839075745, 7579656.511984904, 700.5122187323868]
[(45.71980023066103, 87.00484468670491), (6971450.0, 5418150.0), (35818, 250124), 684.4852080213275, 18992605.898124523, 124981.3211953073]
[(38.83038310263637, 79.59532055012421), (6831150.0, 4658250.0), (43417, 248721), 1258.2781886371552, 142953898.04470608, 161.41150159295648]
[(25.67100266086412, 64.47012494110972), (6059050.0, 3133150.0), (58668, 241000), 265.6557923328607, 301924494.3105252, 118201.87592961639]
[(23.714639090163697, 70.17617382587423), (6659850.0, 2899950.0), (61000, 247008), 254.2833065696606, 92770487.02448454, 2330432.118414755]
[(-19.732274257653856, 63.305002864639654), (6111750.0, -2421250.0), (114212, 241527), 32.64965543462902, 41074.60592135787, 41074.60592135787]
[(71.52585382597121, 145.94147735720856), (7059050.0, 7900050.0), (10999, 251000), 544.8238247360333, 0.07136084884405136, 0.0]
[(71.52462205529915, 147.9179841150313), (7154950.0, 7899950.0), (11000, 251959), 1114.627291968037, 267638.72728816513, 113.72058408148587]
[(58.06063417940087, 110.66084052417112), (7439750.0, 6689550.0), (23104, 254807), 1157.9762519153837, 2666398.890344646, 24.210565872490406]
[(40.99266347005041, 91.3229660402762), (7684350.0, 4900050.0), (40999, 257253), 1723.8042232225794, 9872018.533273216, 0.0]
[(35.81750155995645, 86.9331536469941), (7650150.0, 4316750.0), (46832, 256911), 2481.15235324234, 866435.1119999685, 0.0]
[(30.75797596029253, 82.44154339491585), (7521950.0, 3732450.0), (52675, 255629), 734.8530465337951, 496947038.7518755, 24154.019483067095]
[(15.745579078916087, 78.80031048776478), (7713250.0, 1937450.0), (70625, 257542), 127.88275880665071, 308973543.8463705, 5464034.289864667]
[(14.291606037330206, 78.88040015380007), (7753650.0, 1760050.0), (72399, 257946), 112.0714058089752, 216561962.4143789, 8285181.062002581]
[(5.84926415050991, 73.3464772853388), (7327350.0, 722750.0), (82772, 253683), 48.46648326421054, 12215133.65949573, 103044.26506130179]
[(71.53570899651827, 179.94469847912185), (8700850.0, 7900850.0), (10991, 267418), 5.0, 0.0, 0.0]
[(66.73444312082913, 162.4498573300728), (9058950.0, 7494850.0), (15051, 270999), 1160.2055852304798, 372662.82852797443, 235.8598020747304]
[(60.24307455369957, 131.77909283193782), (8506550.0, 6899950.0), (21000, 265475), 1568.7549203110088, 1400794.1827255972, 0.0]
[(40.99266347005041, 98.05065687624806), (8250450.0, 4900050.0), (40999, 262914), 1020.0612726694412, 3642463.5138592524, 1094.9906361103058]
[(35.10757341495749, 91.0769582804237), (8059050.0, 4235550.0), (47644, 261000), 1574.1248362185256, 11908526.55634561, 0.0]
[(32.197250544189856, 89.17764691767297), (8059050.0, 3899950.0), (51000, 261000), 933.0235795519853, 291995612.4522124, 9052.045345947146]
[(20.44386871817416, 93.79481866784006), (9029950.0, 2507150.0), (64928, 270709), 327.42632759141406, 209067652.7994302, 986688.2131809536]
[(7.728268851885822, 80.86536610272219), (8059050.0, 954450.0), (80455, 261000), 115.74541027617467, 1996648.7559701263, 1759614.3132446408]
[(6.632317084410869, 81.63790641213916), (8148150.0, 819350.0), (81806, 261891), 105.89145385724005, 2544908.074014848, 2544908.074014848]
[(67.45597935882759, 170.53810813863544), (9329250.0, 7557850.0), (14421, 273702), 918.4127612353826, 30179.379513250664, 433.5981406578794]
[(59.64053105732498, 138.72091220438034), (9059050.0, 6842350.0), (21576, 271000), 1162.040016522667, 1275609.496994074, 34.25800692476332]
[(50.253089538758196, 131.61801768428816), (9977950.0, 5899950.0), (31000, 280189), 507.886798410827, 32831361.66906554, 46514.71663897741]
[(33.08395882851517, 101.22456341758979), (9091450.0, 4002650.0), (49973, 271324), 333.9011829868232, 236201741.5713159, 148825.30117333937]
[(28.135552002677674, 97.7061215077346), (9059050.0, 3424850.0), (55751, 271000), 477.96338771918505, 175495192.0576903, 127796.66878876297]
[(20.133896122695482, 93.98065080533125), (9059050.0, 2469750.0), (65302, 271000), 304.92130132216084, 80975683.41997747, 1507030.443733044]
[(13.608502928162256, 98.77755388691693), (9727250.0, 1676550.0), (73234, 277682), 252.62026838715852, 43871150.62977221, 1501362.4554390889]
[(3.7978266355582266, 97.13306697621663), (9721750.0, 469450.0), (85305, 277627), 241.23225323326895, 27040997.885432664, 1240214.10714514]
[(-1.1577814489340243, 98.72903884216035), (9893650.0, -143150.0), (91431, 279346), 84.20213774008353, 680176.3040054068, 29997.93385791406]
[(-12.079717470326791, 96.84096043510537), (9572450.0, -1489350.0), (104893, 276134), 34.92849839314596, 495.24711812334135, 495.24711812334135]
[(62.27730096225525, 174.1365007843084), (10785150.0, 7091550.0), (19084, 288261), 1085.6081245090238, 25051.342419417575, 28.78742077574134]
[(56.436103475532974, 157.79185172430797), (10909950.0, 6529850.0), (24701, 289509), 707.9837568758198, 407972.7133490117, 574.9884870024398]
[(48.20996973381097, 138.23520753357658), (10756550.0, 5684750.0), (33152, 287975), 773.2173045140673, 81764838.48675933, 63197.44242537441]
[(40.286968982147414, 126.85844722741685), (10745350.0, 4821450.0), (41785, 287863), 113.8859078200635, 328066731.43916184, 5694598.733325608]
[(31.243389779124495, 120.10215284917476), (10923450.0, 3789050.0), (52109, 289644), 139.52060779684126, 344727448.68373924, 44376564.36493815]
[(17.466159298693906, 106.01951622270145), (10320250.0, 2146750.0), (68532, 283612), 195.80091930325557, 195570387.76663706, 1960862.123047838]
[(14.345633119767715, 107.09881850762059), (10525850.0, 1766650.0), (72333, 285668), 294.4163718273833, 83256524.58689973, 1703624.3958470805]
[(0.48890247320105734, 102.52842157504134), (10275450.0, 60450.0), (89395, 283164), 247.19425559668656, 50822981.75836484, 2248993.369204063]
[(-2.9739468997235483, 102.37671664552228), (10251950.0, -367650.0), (93676, 282929), 205.50669088864237, 140430509.81104186, 2244011.847101826]
[(-10.531469826595142, 105.64850958503771), (10477950.0, -1299350.0), (102993, 285189), 47.53945729601885, 4150.153728648322, 4150.153728648322]
[(-25.21189637151642, 117.39265131308566), (11058950.0, -3078550.0), (120785, 290999), 398.24615503479754, 10491.86578143714, 119.2601564041106]
[(-32.866938961310964, 122.94248734119145), (11058950.0, -3977550.0), (129775, 290999), 546.4878772671906, 2662071.775466604, 1097.850850578514]
[(-33.92803267906336, 119.56623185480517), (10673750.0, -4100050.0), (131000, 287147), 151.25144627407698, 83554.64539400968, 2017.8032514842926]
[(62.3880363419863, 178.9820490872201), (11059150.0, 7101850.0), (18981, 291001), 45.0, 0.0, 0.0]
[(54.85641035744959, 160.37085125777958), (11375850.0, 6372150.0), (26278, 294168), 493.1460229992735, 278608.38486971986, 7364.24096041359]
[(43.617064105314554, 134.90928053136489), (11059050.0, 5189550.0), (38104, 291000), 166.00301202086666, 5531034.4344738545, 11805.120350524783]
[(35.285708582676264, 136.1344270952346), (12029550.0, 4255950.0), (47440, 300705), 90.0499861188218, 71431139.06955515, 16878674.5715851]
[(23.88113528272758, 121.21557862485703), (11494450.0, 2919850.0), (60801, 295354), 97.25224933131366, 93354798.37145457, 5523889.824460056]
[(23.714639090163697, 121.11826897233986), (11494350.0, 2899950.0), (61000, 295353), 171.0263137648707, 34893135.018329896, 2923968.6569419857]
[(12.947388375973539, 121.12726689566115), (11948250.0, 1595650.0), (74043, 299892), 119.63277142990545, 48348444.58346166, 2800606.93541348]
[(1.951297106071444, 115.85197218360254), (11606850.0, 241250.0), (87587, 296478), 681.8482235805855, 13753707.859729735, 23990.138880933635]
[(-2.5305456365017474, 113.67782665752495), (11386250.0, -312850.0), (93128, 294272), 335.2148564726808, 76001308.42001557, 2159716.3487289585]
[(-17.08091731518397, 123.01003600579267), (11989650.0, -2099950.0), (110999, 300306), 266.1766330841233, 959095.0669292905, 1303.472339487169]
[(-21.092768326288688, 125.5908234439365), (12058950.0, -2585350.0), (115853, 300999), 2082.5765292060696, 156282.40694846754, 0.0]
[(-27.516001082982992, 128.03538922691433), (11913250.0, -3351750.0), (123517, 299542), 1438.672999677133, 48149.462623162835, 0.0]
[(-42.80041788714848, 145.87680234889118), (12058950.0, -5099950.0), (140999, 300999), 333.1561195595843, 17553.367168093915, 0.0]
[(-42.801327064826445, 145.62652707303923), (12038150.0, -5100050.0), (141000, 300791), 210.2974084481309, 40.300075566687156, 40.300075566687156]
[(-54.556499240055615, 158.8882847084552), (11323650.0, -6341950.0), (153419, 293646), 29.966648127543394, 0.0, 0.0]
[(52.86826599440532, 172.9935519311767), (12646350.0, 6170450.0), (28295, 306873), 103.40696301506973, 254.78053848189302, 26.886388381477445]
[(36.98376552413411, 139.0841765844859), (12125350.0, 4449550.0), (45504, 301663), 91.76055797563569, 63727947.48869886, 5376826.292053809]
[(24.464098969266477, 131.19141667438072), (12405250.0, 2989450.0), (60105, 304462), 26.40075756488817, 2375.0240522138774, 0.0]
[(8.195039161200505, 125.47088492350176), (12495650.0, 1011950.0), (79880, 305366), 129.4488315899375, 51658127.25311272, 8872816.612697974]
[(0.5527961506759506, 123.64663017123132), (12391850.0, 68350.0), (89316, 304328), 187.66459442313567, 18747114.85965666, 1795113.6595038995]
[(-3.3089699681211893, 121.71886913772325), (12186450.0, -409050.0), (94090, 302274), 299.2941696725815, 10067241.10882338, 1655601.9972234396]
[(-17.08091731518397, 127.13340353284545), (12391550.0, -2099950.0), (110999, 304325), 899.5426615786491, 2901637.6756463535, 23.100792737677693]
[(-21.4084782796682, 125.75863595537444), (12059050.0, -2623350.0), (116233, 301000), 2044.3397467153056, 55476.85064659605, 0.0]
[(-28.29425865746046, 131.8214008492917), (12210850.0, -3443550.0), (124435, 302518), 1751.1861694291672, 121389.6205073111, 0.0]
[(-34.77004195677186, 141.4130614768176), (12545250.0, -4196850.0), (131968, 305862), 320.8519907994962, 9823503.330704141, 36647.16596906169]
[(-43.22281502813167, 146.50856579459247), (12059050.0, -5146350.0), (141463, 301000), 217.89217516927954, 227794.41533998458, 63687.662436903454]
[(-52.55985488395484, 169.1274215993656), (12419150.0, -6138850.0), (151388, 304601), 49.03060268852505, 0.0, 0.0]
[(51.95316235703709, 177.41430091832828), (13140850.0, 6076450.0), (29235, 311818), 91.13725912051558, 0.0, 0.0]
[(26.556646151396272, 142.17710083069102), (13299450.0, 3238250.0), (57617, 313404), 41.23105625617661, 3256.6856482960284, 1086.1124525628984]
[(19.677650480801915, 145.43016098105477), (14043450.0, 2414650.0), (65853, 320844), 41.340053217188775, 0.0, 0.0]
[(7.286845548956396, 134.47157586068585), (13409850.0, 900050.0), (80999, 314508), 37.53664875824692, 26365.449218172413, 15727.048144451808]
[(-0.6830106958213336, 132.82845418207927), (13311850.0, -84450.0), (90844, 313528), 250.16994223927063, 164762.5672439257, 44096.886627020314]
[(-2.647862892819737, 136.88096343886252), (13709550.0, -327350.0), (93273, 317505), 440.2646931108603, 10522376.987928424, 326293.0459192358]
[(-17.08091731518397, 142.86868289647026), (13925250.0, -2099950.0), (110999, 319662), 722.886574781964, 48725.8693442693, 49.479108576779254]
[(-24.187567614505504, 137.9189615973993), (13059050.0, -2956450.0), (119564, 311000), 940.8427073639887, 51705.000791665065, 6.829200471751392]
[(-25.39260074096161, 138.75232103959345), (13059050.0, -3100050.0), (121000, 311000), 638.1230288901976, 6294364.935618933, 79.63447789219208]
[(-35.714187692189334, 148.27746941411792), (13059050.0, -4304950.0), (133049, 311000), 143.55835050598765, 2439219.7883751076, 63687.598745272524]
[(-45.93852897764218, 166.94532960148695), (13343850.0, -5441750.0), (144417, 313848), 247.29132617218906, 481144.0309352335, 88969.38408756781]
[(24.304855958066135, 153.9765121769217), (14571150.0, 2970450.0), (60295, 326121), 21.93171219946131, 151.81636053696275, 151.81636053696275]
[(16.349951654874495, 145.67698592584435), (14232650.0, 2011050.0), (69889, 322736), 55.60575509783138, 0.0, 0.0]
[(15.064838622915463, 145.6279738295378), (14283450.0, 1854450.0), (71455, 323244), 52.773099207835045, 239611.26431139297, 49563.69022822281]
[(-0.7566108027471475, 145.3046606955972), (14562050.0, -93550.0), (90935, 326030), 29.274562336608895, 7320.4634132500505, 0.0]
[(-7.371222113912095, 142.10732436520033), (14169650.0, -910450.0), (99104, 322106), 440.06931272243924, 10177655.192584619, 47007.65497455001]
[(-11.835856579653013, 142.15108514513636), (14059050.0, -1459450.0), (104594, 321000), 414.2366473406234, 1514280.5924348095, 39.94657173822634]
[(-17.08174015553171, 144.7476262929087), (14108350.0, -2100050.0), (111000, 321493), 190.06577808748213, 1057066.9046196346, 46930.40993769269]
[(-26.38201170050352, 150.65271108707594), (14105550.0, -3217550.0), (122175, 321465), 138.351002887583, 4663387.778711705, 45435.44051801451]
[(-42.32106289887024, 172.7665302296126), (14350750.0, -5047150.0), (140471, 323917), 197.7978766316767, 1220762.454620422, 22899.69741418623]
[(-42.801327064826445, 172.0030118011789), (14218550.0, -5100050.0), (141000, 322595), 161.22654868228122, 592039.302319267, 560717.2310536072]
[(9.843075001644966, 160.86588535880855), (15975550.0, 1214750.0), (77852, 340165), 52.46903848937962, 36946.91354035027, 0.0]
[(6.876406580377002, 158.2258001813784), (15787350.0, 849450.0), (81505, 338283), 49.39635614091387, 54393.490755764775, 45219.43849704682]
[(-5.465190223472852, 151.2540697290514), (15116550.0, -675350.0), (96753, 331575), 199.1808223700264, 1346483.6623704701, 125822.51607740298]
[(-10.529841737239305, 161.7081035262115), (16037850.0, -1299150.0), (102991, 340788), 129.80754985747168, 532931.2004886135, 51592.543397687376]
[(-21.882531907162104, 166.4564072926071), (15929150.0, -2680350.0), (116803, 339701), 120.81390648431164, 308616.606051854, 283258.02615038585]
[(-29.118951261526103, 167.95271306982968), (15481750.0, -3540550.0), (125405, 335227), 25.942243542145693, 1854.3153147005942, 1854.3153147005942]
[(-35.86830148355368, 175.2664330102489), (15417350.0, -4322550.0), (133225, 334583), 212.08488866489287, 3201089.6837384985, 151581.6020908817]
[(9.38851716574699, 170.0712208174898), (16903750.0, 1158850.0), (78411, 349447), 42.80186911806539, 15266.0611711058, 943.0132797034457]
[(5.27723946850609, 162.91791201246932), (16285350.0, 652150.0), (83478, 343263), 33.06055050963308, 22403.26413665444, 5721.922507336945]
[(-0.8423434018205622, 169.54615702301706), (16991250.0, -104150.0), (91041, 350322), 24.596747752497688, 502.6185963153839, 193.89489349722862]
[(-10.684524990845878, 161.97241703555827), (16059050.0, -1318150.0), (103181, 341000), 117.41379816699569, 271203.2251898536, 27472.981684962288]
[(-18.83187523192945, 169.13546297794744), (16384750.0, -2312350.0), (113123, 344257), 92.34717104492157, 183604.18001816364, 43627.27777183708]
[(7.286845548956396, 171.6477167711599), (17117150.0, 900050.0), (80999, 351581), 33.94112549695428, 0.0, 0.0]
[(5.998382992352571, 172.0983778189527), (17189850.0, 741150.0), (82588, 352308), 38.948684188300895, 153056.60564772697, 371.30929847992957]
[(-1.4238920587979884, 174.97314493724411), (17532950.0, -176050.0), (91760, 355739), 40.0, 20870.743511080043, 4557.161078891018]
[(-16.847286446178064, 178.7467404098337), (17435650.0, -2071550.0), (110715, 354766), 64.1248781675256, 122923.00605094037, 92676.89275614312]
[(-18.109749318606134, 177.73220658679622), (17262450.0, -2224850.0), (112248, 353034), 94.82615672903758, 844482.0366743648, 804898.3861313876]
