[(-4.5102617697250595, -172.1698246687505), (-17222350.0, -557450.0), (95574, 8186), 57.982756057296896, 1314.447417408228, 0.0]
[(-13.596238618524717, -172.4374611818673), (-16981550.0, -1675050.0), (106750, 10594), 122.53978945632312, 249642.05531809232, 222225.45641222224]
[(-19.736412712367454, -175.07492032181852), (-16902250.0, -2421750.0), (114217, 11387), 52.32590180780452, 5086.1086829352425, 0.0]
[(27.782811633701964, -175.83368931708233), (-16335950.0, 3383250.0), (56167, 17050), 33.24154027718932, 0.0, 0.0]
[(3.9321992859878647, -159.34058115782443), (-15946350.0, 486050.0), (85139, 20946), 42.95346318982906, 5281.990754270926, 5281.990754270926]
[(-10.440301874144843, -160.98464119877494), (-15968950.0, -1288150.0), (102881, 20720), 52.32590180780452, 68258.77525196457, 153.83368067070842]
[(-19.054113170329146, -169.83789579601074), (-16439250.0, -2339250.0), (113392, 16017), 47.4236228055175, 114430.52074485725, 1948.0000029214284]
[(-29.269704391936884, -177.90806191979362), (-16384450.0, -3558250.0), (125582, 16565), 56.568542494923804, 0.0, 0.0]
[(23.861887854306005, -166.23935170610844), (-15765350.0, 2917550.0), (60824, 22756), 35.84689665786984, 0.0, 0.0]
[(19.634618564714735, -155.6295659377979), (-15030850.0, 2409450.0), (65905, 30101), 209.06697491473875, 1678589.4980897661, 255063.03608602722]
[(1.832383377488014, -157.40064871585227), (-15770150.0, 226550.0), (87734, 22708), 93.98404119849285, 7243.531459629536, 7243.531459629536]
[(-4.013150652793299, -154.9283701723632), (-15503850.0, -496050.0), (94960, 25371), 58.60034129593445, 161.33867054106668, 0.0]
[(-15.818625160804478, -154.52368481491118), (-15121950.0, -1946350.0), (109463, 29190), 39.20459156782532, 18.04307746887207, 0.0]
[(-21.922479399029704, -157.90871816154154), (-15108550.0, -2685150.0), (116851, 29324), 37.013511046643494, 16372.08671141835, 671.6404696926475]
[(-8.926874413059936, -140.17877368842488), (-13943850.0, -1102050.0), (101020, 40971), 63.41135544995076, 2341.1159700816497, 2341.1159700816497]
[(-14.424226859250894, -144.9349348695328), (-14241350.0, -1776250.0), (107762, 37996), 63.97655820689325, 66595.24731102135, 1664.095199111849]
[(-17.64489159074847, -149.49961446897328), (-14543850.0, -2168450.0), (111684, 34971), 60.30754513325841, 246575.384434429, 241301.08634729404]
[(-44.05075437272842, -176.49606435072386), (-14402250.0, -5236950.0), (142369, 36387), 67.08203932499369, 634.5296001425013, 634.5296001425013]
[(51.83683798256647, -177.9895314787564), (-13205050.0, 6064450.0), (29355, 48359), 90.24965373894794, 417.3791733898688, 64.36925601959229]
[(-8.882185149895545, -139.57209676240794), (-13884550.0, -1096550.0), (100965, 41564), 51.35172830587107, 442.3557756692171, 442.3557756692171]
[(-9.778007582772352, -139.10895771660597), (-13816550.0, -1206750.0), (102067, 42244), 70.40596565632774, 3231.842375934124, 2779.503745302558]
[(-21.872545699722092, -138.9757724480035), (-13299950.0, -2679150.0), (116791, 47410), 52.172789842982326, 2729.0541516723024, 202.75056007504463]
[(-27.645563967075606, -144.32343271484245), (-13418950.0, -3367050.0), (123670, 46220), 37.69615364994153, 356.83633682876825, 356.83633682876825]
[(53.79445452071111, -166.70073127243379), (-12019950.0, 6264850.0), (27351, 60210), 149.64624953536256, 7050.803027037531, 5602.611236770637]
[(-24.353458903738716, -128.33080050259588), (-12141350.0, -2976250.0), (119762, 58996), 47.01063709417264, 2641.7503914879635, 0.0]
[(60.40800379850784, -172.682426856939), (-11111050.0, 6915650.0), (20843, 69299), 100.31948963187563, 0.0, 0.0]
[(56.25863589371202, -159.1619573613988), (-11037250.0, 6512250.0), (24877, 70037), 263.0684321616716, 4047.298345596942, 443.95079639996567]
[(29.04999045847055, -118.31963447350805), (-10911150.0, 3532450.0), (54675, 71298), 78.29431652425353, 129.5665970891714, 129.5665970891714]
[(18.349779424226305, -114.72970157600672), (-11133750.0, 2253950.0), (67460, 69072), 46.0, 0.0, 0.0]
[(-24.681295745507047, -124.78453832491331), (-11786750.0, -3015350.0), (120153, 62542), 32.202484376209235, 0.0, 0.0]
[(59.84929891533541, -156.44895256239175), (-10176150.0, 6862350.0), (21376, 78648), 770.8761249383716, 37857.954069763044, 447.02892726362916]
[(59.718763656785974, -161.21045267325422), (-10512050.0, 6849850.0), (21501, 75289), 492.00101625911304, 33125.235205193305, 6196.3027278393965]
[(40.543425936808, -118.66928609336696), (-10027750.0, 4850050.0), (41499, 80132), 406.90662319505196, 2635919.243611182, 2088.9137299470895]
[(37.36723872683389, -116.27016420398995), (-10104350.0, 4493050.0), (45069, 79366), 665.0090224951839, 56270668.80950181, 10790.695784960568]
[(31.76673684532443, -113.7005127033847), (-10305250.0, 3849950.0), (51500, 77357), 276.89889851713025, 8308957.661041041, 96396.00790345238]
[(23.296661718137557, -104.01921235609805), (-9891050.0, 2849950.0), (61500, 81499), 187.38729946290383, 12001617.480112374, 56109.94608492858]
[(-27.078622803825738, -109.384237405652), (-10202750.0, -3300050.0), (123000, 78382), 51.0, 7836.298278328031, 7836.298278328031]
[(62.868166246891, -157.445026703068), (-9628150.0, 7146350.0), (18536, 84128), 825.4513916639792, 617046.5271941009, 899.8457998817275]
[(56.84766175215221, -131.08448519546332), (-9000750.0, 6570550.0), (24294, 90402), 734.6053362180267, 947820.5236617996, 777.2719592077337]
[(42.1072470103847, -117.11378142208234), (-9748650.0, 5023550.0), (39764, 82923), 468.12391521903686, 20016679.46323603, 2490.7337793061324]
[(40.54252859585169, -113.6885481113207), (-9606950.0, 4849950.0), (41500, 84340), 616.5070964717276, 11772739.404991895, 9162.6269075956]
[(30.294866131284206, -106.06252462541444), (-9705850.0, 3678350.0), (53216, 83351), 303.58689036254515, 26335096.09948406, 26868.418546840127]
[(16.87689550064523, -94.35591172629746), (-9202950.0, 2075150.0), (69248, 88380), 232.64780248263682, 92083577.29138497, 1318350.227669735]
[(15.0279551121021, -92.63166713661529), (-9086450.0, 1849950.0), (71500, 89545), 67.4166151627327, 9719554.174677568, 2738728.4028736046]
[(-0.8552842324563666, -91.27846097563557), (-9147550.0, -105750.0), (91057, 88934), 196.66468925559565, 41423.73735026736, 28736.685735969804]
[(-1.373742721379816, -89.68366298960562), (-8986750.0, -169850.0), (91698, 90542), 67.4166151627327, 238.19861243665218, 238.19861243665218]
[(-26.46889453575747, -105.36373984041452), (-9860550.0, -3227850.0), (122278, 81804), 24.758836806279895, 0.0, 0.0]
[(71.32544148736406, -178.73749624668514), (-8703850.0, 7883750.0), (11162, 93371), 164.01219466856725, 12.20905082859099, 12.20905082859099]
[(68.81605013061316, -156.31972119400976), (-8231350.0, 7674750.0), (13252, 98096), 1034.4486454145513, 198900.38402481566, 448.6627828963101]
[(59.71980720563967, -128.7763123755283), (-8396950.0, 6849950.0), (21500, 96440), 1094.8607217358744, 5716606.882051489, 15.515686113387346]
[(47.617601219071545, -113.43909519725516), (-8890950.0, 5621750.0), (33782, 91500), 232.59406699226014, 5196414.036087154, 70586.38488112872]
[(38.5798375446277, -103.3690777140427), (-8890950.0, 4630050.0), (43699, 91500), 131.89768762188365, 29312324.81176641, 24851.545420955124]
[(29.47766042834681, -91.08845240785747), (-8378150.0, 3582650.0), (54173, 96628), 198.00252523642217, 16401937.647687804, 1096996.8075971294]
[(18.081712779596995, -89.87779253829635), (-8730350.0, 2221450.0), (67785, 93106), 348.919761549844, 14722364.824793251, 208661.66816611687]
[(11.397278288323779, -85.19184670465316), (-8433850.0, 1405650.0), (75943, 96071), 259.53805116013336, 35024962.44848706, 3303933.4465382514]
[(0.6846282757773285, -78.73858188304331), (-7891050.0, 84650.0), (89153, 101499), 145.43727170158274, 3647886.0808109744, 803066.0800975151]
[(-4.355609679753463, -78.87572324918007), (-7891050.0, -538350.0), (95383, 101499), 177.68511473953018, 13286028.42574515, 720404.3304256583]
[(70.9133863687806, -156.5549198345529), (-7728150.0, 7850050.0), (11499, 103128), 116.90166808048549, 5818.304533247917, 5816.923504254863]
[(65.54827078055257, -119.90983737311997), (-6891050.0, 7389850.0), (16101, 111499), 1560.4672377208053, 44227.211220694415, 0.0]
[(59.71980720563967, -117.11628935537047), (-7636650.0, 6849950.0), (21500, 104043), 1163.7869220780924, 2179320.4935517865, 933.3836762160063]
[(42.99236509550842, -87.04960911371357), (-7181950.0, 5121050.0), (38789, 108590), 574.0601013831217, 39161382.0087822, 3077639.949359611]
[(31.995675164098586, -81.56974389772098), (-7381650.0, 3876550.0), (51234, 106593), 128.09761902549164, 60638724.519538864, 991319.4310714258]
[(26.309487742892177, -80.64131296390514), (-7553350.0, 3208950.0), (57910, 104876), 230.67292862405853, 24437838.98803423, 7150598.109711932]
[(22.316358293945502, -81.74181048197234), (-7807450.0, 2732450.0), (62675, 102335), 171.30382365843442, 26753818.496696763, 3367216.9304970796]
[(9.354373695025437, -72.08127209745254), (-7164750.0, 1154650.0), (78453, 108762), 196.7587355112855, 28844395.031114098, 1173886.0825348194]
[(0.8932980200781775, -73.58411758150869), (-7374250.0, 110450.0), (88895, 106667), 706.3200407747184, 41652954.129806235, 13574.715820173733]
[(-5.441695159572652, -68.94921002401622), (-6891050.0, -672450.0), (96724, 111499), 761.5622101969084, 9679735.62285467, 487.94897778052837]
[(-10.936153394213397, -71.94020339468074), (-7128950.0, -1349050.0), (103490, 109120), 826.0750571225353, 22889340.85817521, 2817.146421507001]
[(-17.722335759349995, -71.00884548745559), (-6906150.0, -2177850.0), (111778, 111348), 115.00434774390054, 83144.36950445734, 83144.36950445734]
[(-33.74317955989542, -80.80400873494555), (-7223150.0, -4078750.0), (130787, 108178), 51.62363799656123, 965.7626434490085, 33.61924934387207]
[(71.89665981433284, -123.34918750925759), (-5891050.0, 7930050.0), (10699, 121499), 378.31204051681993, 112.48582578171045, 112.48582578171045]
[(65.77718861020048, -113.77609575971812), (-6501550.0, 7410250.0), (15897, 115394), 3059.531009811798, 6803.968264589532, 0.0]
[(53.769830385701965, -86.3731766426586), (-6230250.0, 6262350.0), (27376, 118107), 2199.3483125689754, 59449.11123791631, 0.0]
[(47.641060276147385, -86.83444819258672), (-6803850.0, 5624250.0), (33757, 112371), 1017.4684270285737, 67608681.02332, 882.8274774153251]
[(35.69230563353435, -75.90298259480998), (-6686050.0, 4302450.0), (46975, 113549), 101.9803902718557, 32089304.147938855, 355049.38899230293]
[(19.126840120174787, -71.21143835254412), (-6890950.0, 2348050.0), (66519, 111500), 155.0290295396317, 15227714.256484326, 4318402.464064393]
[(6.881272634162134, -64.26900461995514), (-6412550.0, 850050.0), (81499, 116284), 506.8421845111159, 23359356.805062756, 47114.78175341524]
[(-1.2127821767924107, -68.76584531044706), (-6890950.0, -149950.0), (91499, 111500), 1343.3171628472555, 1333161.9648715507, 0.0]
[(-1.2135910141732433, -68.76585799182719), (-6890950.0, -150050.0), (91500, 111500), 732.8042030447151, 4486766.345328152, 239.5075849441603]
[(-11.366310543289842, -63.66195207926352), (-6302850.0, -1401850.0), (104018, 117381), 565.946993984419, 10611119.2952405, 87061.17131225794]
[(-19.180566724648056, -61.36718598752699), (-5937150.0, -2354550.0), (113545, 121038), 783.7512360436824, 10464967.005513087, 533.3757958896458]
[(-25.813242495808336, -68.43017274913197), (-6426450.0, -3150050.0), (121500, 116145), 527.7575200790606, 18732540.21825918, 4170.635885573691]
[(-36.43494213240962, -68.96636514530164), (-6039350.0, -4387150.0), (133871, 120016), 266.54267950930483, 7287051.951638809, 12163.456285618478]
[(-46.361139124473326, -74.70849793850039), (-5942650.0, -5487250.0), (144872, 120983), 313.66542684841755, 8688.996654450428, 9.58434139098972]
[(70.9133863687806, -109.55694308511573), (-5408150.0, 7850050.0), (11499, 126328), 1558.5287934459216, 0.0, 0.0]
[(65.66376147423533, -95.37344753475031), (-5465350.0, 7400150.0), (15998, 125756), 1848.5467264854303, 14553.17218880081, 0.0]
[(53.283353942866604, -72.60904239053748), (-5275650.0, 6212850.0), (27871, 127653), 2753.081182965733, 77606.97342022814, 0.0]
[(49.77557788736455, -70.29855089773989), (-5362850.0, 5849950.0), (31500, 126781), 992.8141820099066, 9277909.049665147, 5679.554158641025]
[(32.32224293157866, -64.80269613923625), (-5851250.0, 3914450.0), (50855, 121897), 19.697715603592208, 62806.0000082273, 62806.0000082273]
[(6.881272634162134, -59.04133188293656), (-5890950.0, 850050.0), (81499, 121500), 445.85199337896876, 356243.857592579, 73152.62146635354]
[(2.0516077822329954, -54.089451781740195), (-5418850.0, 253650.0), (87463, 126221), 1002.8210209204831, 2966848.0411359733, 126.16036443412304]
[(-5.445746007538187, -58.942837061362795), (-5890950.0, -672950.0), (96729, 121500), 1142.2521613023982, 4961499.531683819, 15.896601622924209]
[(-9.316979936668808, -52.5573203060978), (-5224450.0, -1150050.0), (101500, 128165), 449.9644430396695, 4597041.297170773, 2118.394867114605]
[(-18.968178802260052, -60.84138150580223), (-5890950.0, -2328850.0), (113288, 121500), 487.24634426540337, 15043623.763963167, 17011.080386091024]
[(-30.507056902861816, -62.59254761994), (-5720150.0, -3703150.0), (127031, 123208), 365.60361048545457, 20666427.928915445, 219722.43807737972]
[(-41.57026754399603, -67.45667609505098), (-5644750.0, -4964150.0), (139641, 123962), 271.0903908293321, 23881901.707800448, 17511.970105585176]
[(-48.53543653790565, -73.25680378303683), (-5677450.0, -5719250.0), (147192, 123635), 402.1989557420556, 1142697.183848462, 5898.165919614956]
[(-52.949406043442515, -72.19541221785542), (-5271450.0, -6178750.0), (151787, 127695), 270.8228203087768, 135196.8948700882, 1011.6461208537221]
[(70.9133863687806, -78.82391268573164), (-3891050.0, 7850050.0), (11499, 141499), 1527.1437391418006, 1365.3333184112266, 0.0]
[(65.42401454932748, -67.50090799034545), (-3891050.0, 7378750.0), (16212, 141499), 1815.673153406196, 21327.50088671688, 0.0]
[(51.885293012871486, -62.6433602919645), (-4644350.0, 6069450.0), (29305, 133966), 1685.1507350976055, 66425.69425457674, 0.0]
[(48.29291432520864, -54.8917401765547), (-4266950.0, 5693550.0), (33064, 137740), 391.72439290909625, 640291.1239728743, 112827.86527087186]
[(-0.6482327764042424, -48.27986502794185), (-4838550.0, -80150.0), (90801, 132024), 201.41995928904365, 967772.5712045399, 544861.1736051692]
[(-8.92849951659651, -43.52647918265218), (-4329650.0, -1102250.0), (101022, 137113), 304.8032152061392, 21679334.5283868, 159665.34817062167]
[(-13.956911619480577, -44.91358390340437), (-4418850.0, -1719150.0), (107191, 136221), 207.21245136332902, 20002284.537655253, 172236.48103360416]
[(-24.372734448429494, -48.3563293583721), (-4574550.0, -2978550.0), (119785, 134664), 126.8897158953396, 92968684.88420185, 1328739.919155211]
[(-32.674296480534316, -52.84626498769642), (-4760050.0, -3955250.0), (129552, 132809), 191.2066944434739, 16305957.487967957, 370499.3641944735]
[(-34.362556966473676, -53.93442420904374), (-4799350.0, -4150050.0), (131500, 132416), 60.207972893961475, 250302.25318349717, 250302.25318349717]
[(-51.932797590416314, -59.329883990137006), (-4395750.0, -6074350.0), (150743, 136452), 213.56497840235883, 3869.0000122126075, 3858.8451393876458]
[(-54.731183160083376, -66.46090865571128), (-4723650.0, -6359550.0), (153595, 133173), 220.32702966272657, 174925.27648242004, 6373.575097271241]
[(70.9133863687806, -74.80072381399103), (-3692450.0, 7850050.0), (11499, 143485), 1086.2011784195413, 2224.579091990679, 0.0]
[(70.91216817108969, -78.81875226913452), (-3890950.0, 7849950.0), (11500, 141500), 3246.000616142887, 40949.7135307241, 0.0]
[(-9.255202298461937, -38.59001216231997), (-3836450.0, -1142450.0), (101424, 142045), 101.78899744078434, 23446548.71571567, 311397.0730347181]
[(-9.634063185670858, -38.676618700685594), (-3842450.0, -1189050.0), (101890, 141985), 170.57842770995398, 14682106.786001489, 438032.2823005178]
[(-18.99709713284203, -40.18981771744235), (-3890950.0, -2332350.0), (113323, 141500), 58.0, 2755638.475178832, 464019.10260812554]
[(70.9133863687806, -38.30841548794099), (-1891050.0, 7850050.0), (11499, 161499), 5991.817253555051, 3498.5998687757265, 0.0]
[(70.91216817108969, -41.890345225447966), (-2067950.0, 7849950.0), (11500, 159730), 3953.6177104014496, 16125.50956962486, 0.0]
[(59.71980720563967, -43.89263301965366), (-2862050.0, 6849950.0), (21500, 151789), 2.0, 0.0, 0.0]
[(38.48219594052742, -28.422593628738962), (-2446750.0, 4619050.0), (43809, 155942), 57.3149195236284, 217933.99851196876, 36810.238453450394]
[(16.83330500754068, -22.92145807545729), (-2235950.0, 2069850.0), (69301, 158050), 53.85164807134504, 563673.6517940562, 65586.6149157947]
[(14.970585598593315, -24.677262893552182), (-2421050.0, 1842950.0), (71570, 156199), 37.33630940518894, 75166.3481279772, 50594.6499199979]
[(-20.51683792094426, -29.31837712287103), (-2821750.0, -2515950.0), (115159, 152192), 43.139309220245984, 0.0, 0.0]
[(73.46182962900542, -41.91111595290965), (-1890950.0, 8054350.0), (9456, 161500), 5443.68863914901, 0.2869730601769849, 0.0]
[(70.91216817108969, -38.304866318847566), (-1890950.0, 7849950.0), (11500, 161500), 2617.504345746154, 378831.69371042773, 0.0]
[(32.803859295402276, -17.17429893688162), (-1545550.0, 3970250.0), (50297, 164954), 48.010415536631214, 258135.872280921, 258135.872280921]
[(25.575090296898964, -13.206016313228316), (-1241750.0, 3121750.0), (58782, 167992), 886.4423275092407, 3350957.135982481, 1395.7829630738124]
[(20.162065714187246, -9.244988179730097), (-891050.0, 2473150.0), (65268, 171499), 1041.7466102656633, 9479473.244927026, 18.615432353690267]
[(13.68209389469508, -9.239025758459693), (-909650.0, 1685550.0), (73144, 171313), 124.16923934694937, 51468804.35928926, 705857.2315920172]
[(5.822521631914093, -8.955146726922978), (-894650.0, 719450.0), (82805, 171463), 131.04197800704932, 3813316.965274123, 390199.0879311729]
[(-7.948234377486003, -14.316816938936242), (-1426350.0, -981550.0), (99815, 166146), 46.400431032480725, 978.5509084053338, 978.5509084053338]
[(-37.11944033757955, -12.268226000794597), (-1068350.0, -4464950.0), (134649, 169726), 65.94694837519019, 353.535736951977, 353.535736951977]
[(79.58339730582979, -26.561083133968545), (-890950.0, 8499850.0), (5001, 171500), 1464.0, 47.72521245479584, 0.0]
[(65.86828397033304, -15.216577558118802), (-867550.0, 7418350.0), (15816, 171734), 166.82026255823962, 90032.21402075788, 11253.121904314496]
[(58.35849083248589, -6.359142044067833), (-425250.0, 6718550.0), (22814, 176157), 69.63476143421474, 74360286.30396138, 42472.25974215321]
[(42.1969080738847, -2.993375572723872), (-248950.0, 5033450.0), (39665, 177920), 60.21627686929839, 33935348.60540177, 1294313.4852521324]
[(31.767597114036203, 0.17598153085830054), (15950.0, 3850050.0), (51499, 180569), 398.55363503548676, 71911477.08524708, 17866.55012996681]
[(23.79745871655313, -3.9651313336507696), (-376150.0, 2909850.0), (60901, 176648), 1016.535783924993, 9245858.92704295, 1536.389828145504]
[(19.801805727343616, -2.0550475961059207), (-198350.0, 2429650.0), (65703, 178426), 1639.261114038883, 4185700.9100346672, 0.0]
[(8.863497531384798, -3.5197131859562654), (-350150.0, 1094250.0), (79057, 176908), 334.24841061701403, 80895176.17747305, 865357.280310072]
[(5.394706084761028, -8.517873580840192), (-851350.0, 666650.0), (83333, 171896), 198.65799757371965, 48811376.61321047, 630053.2625267161]
[(-15.906457950475687, -5.683528601157157), (-556050.0, -1957050.0), (109570, 174849), 31.144823004794873, 3562.9133486757055, 3562.9133486757055]
[(-40.312060532484445, -9.949366918709886), (-842550.0, -4824250.0), (138242, 171984), 66.46803743153546, 0.0, 0.0]
[(78.58867048490902, 18.068209082445954), (642950.0, 8432350.0), (5676, 186839), 416.51530584121394, 3493.525086209178, 2751.2962443232536]
[(67.2042883937294, 16.879245691633), (929650.0, 7535950.0), (14640, 189706), 413.9975845340163, 4946641.325317293, 22476.834884286858]
[(59.06778732766547, 13.630470401387644), (899750.0, 6787250.0), (22127, 189407), 210.95260131128984, 110473803.45428482, 880234.8174041309]
[(46.152934358591565, 10.57444903015284), (843150.0, 5464850.0), (35351, 188841), 95.75489543621255, 127581383.86444055, 7353709.997805269]
[(31.767597114036203, 2.4940830752676386), (226050.0, 3850050.0), (51499, 182670), 528.5536869609368, 53908712.705525815, 33011.94268298242]
[(25.243827382619607, 6.487457087476105), (611050.0, 3082350.0), (59176, 186520), 857.3284084876693, 491770.83174591954, 430.42396728508174]
[(23.296661718137557, 3.638182651446725), (345950.0, 2849950.0), (61500, 183869), 964.3655945750035, 3085891.8367138915, 2182.538894314319]
[(9.843075001644966, 10.366052228726113), (1029450.0, 1214750.0), (77852, 190704), 121.60592090848209, 190775363.4294461, 4643797.417803868]
[(-0.7428612972845207, 11.065426319745631), (1108950.0, -91850.0), (90918, 191499), 355.60933621039817, 122371622.91887447, 77320.97803952004]
[(-1.4295541067538797, 11.066977529477706), (1108950.0, -176750.0), (91767, 191499), 300.24823063591896, 99798.80223522708, 39231.97488603182]
[(80.62710795881232, 60.79083190315074), (1903850.0, 8568350.0), (4316, 199448), 167.19150696132863, 3560.4413889162242, 0.0]
[(67.21461334129901, 38.301851208717075), (2108950.0, 7536850.0), (14631, 201499), 766.8911265623042, 14025545.811002495, 938.7624073335901]
[(57.24866905856183, 30.488717496787505), (2079150.0, 6610050.0), (23899, 201201), 205.9927183179056, 60195868.91578697, 126377.68185831793]
[(43.08250264942029, 19.515788610161575), (1608650.0, 5130950.0), (38690, 196496), 93.13431161500041, 82856641.69180569, 1771716.912934246]
[(31.767597114036203, 22.76009410225989), (2062850.0, 3850050.0), (51499, 201038), 343.16905454892054, 20702038.1018025, 41068.00496220123]
[(23.29749717153331, 18.751515595737622), (1783050.0, 2850050.0), (61499, 198240), 1469.0582017061136, 1095924.9145758343, 0.0]
[(17.78083928038853, 14.005335852536163), (1361850.0, 2184950.0), (68150, 194028), 1060.9015034394097, 996113.5806164634, 456.50219739973545]
[(15.0279551121021, 18.49330329987806), (1814050.0, 1849950.0), (71500, 198550), 519.8317035349037, 51063533.558318436, 1836.1210252381861]
[(2.3905793185868256, 14.60682328682144), (1463150.0, 295550.0), (87044, 195041), 443.9909908995902, 25750826.60584715, 84869.30877999775]
[(-1.2135910141732433, 11.067381827735788), (1109050.0, -150050.0), (91500, 191500), 470.15316653192923, 59856196.128785364, 33440.85570621467]
[(-17.49251191002957, 21.667099954853292), (2108950.0, -2149950.0), (111499, 201499), 664.5848328091757, 22716680.538184397, 626.8925042394549]
[(-25.782937464965936, 15.414561828286182), (1447850.0, -3146450.0), (121464, 194888), 503.16796400406895, 2580857.012039106, 598.6750036689918]
[(-27.00762081209661, 15.806810504846528), (1474950.0, -3291650.0), (122916, 195159), 386.76090805561, 9059614.263449157, 29824.14647253605]
[(-34.42606826218492, 20.61042945100309), (1833150.0, -4157350.0), (131573, 198741), 62.369864518050704, 156403.63357560016, 55516.48457717935]
[(75.10574336290067, 58.871900260357876), (2485550.0, 8180650.0), (8193, 205265), 732.1509407219252, 2034.3018061183393, 23.94242161512375]
[(65.97301764370937, 49.624721588550116), (2821850.0, 7427650.0), (15723, 208628), 932.2687380793159, 1752325.368033337, 1549.5657573631033]
[(59.71980720563967, 46.50743497274705), (3032550.0, 6849950.0), (21500, 210735), 274.6506872374435, 54727971.56435146, 45733.478959796485]
[(44.90513346062914, 29.40417795415451), (2377450.0, 5329950.0), (36700, 204184), 132.90974381135493, 60112360.793880805, 914172.2083411724]
[(31.76931766052229, 23.270103008821735), (2109050.0, 3850250.0), (51497, 201500), 196.01020381602586, 41044925.26514237, 168418.690190088]
[(28.35538884290356, 23.670421807132037), (2191850.0, 3450750.0), (55492, 202328), 1462.4722219584207, 123314886.01168348, 0.0]
[(21.58472383862203, 22.010882137231576), (2109050.0, 2644550.0), (63554, 201500), 1753.086706355393, 2443981.023323172, 0.0]
[(6.881272634162134, 26.393433223354343), (2633450.0, 850050.0), (81499, 206744), 1033.4418222619017, 26687276.954633668, 0.7593055977486074]
[(6.880461623872156, 27.31446103539369), (2725350.0, 849950.0), (81500, 207663), 636.6223370256498, 35869272.74206172, 6629.079759451561]
[(-1.2135910141732433, 21.04653680518116), (2109050.0, -150050.0), (91500, 201500), 629.0, 90936126.98861036, 2671.7769325710833]
[(-9.316979936668808, 21.21678193715617), (2109050.0, -1150050.0), (101500, 201500), 474.70095849913764, 39222914.51279815, 12052.888647537678]
[(-22.89503821342585, 23.388968263084266), (2228150.0, -2801850.0), (118018, 202691), 625.6932155617479, 33461297.8571048, 10713.03878384782]
[(-28.054959768335916, 32.496025167356315), (3014350.0, -3415350.0), (124153, 210553), 94.33981132056604, 48121498.77465217, 1464984.9120949619]
[(-46.89881732615822, 37.76836000864242), (2985550.0, -5544950.0), (145449, 210265), 104.12012293500234, 0.0, 0.0]
[(73.91805189721718, 92.6962131138951), (4108950.0, 8089850.0), (9101, 221499), 1899.9844736207715, 11153.745182197541, 0.0]
[(70.72002270248866, 80.06592319098316), (3977250.0, 7834150.0), (11658, 220182), 1008.1929378844111, 1435878.752525493, 39.594406148418784]
[(59.71980720563967, 58.507919009671284), (3815050.0, 6849950.0), (21500, 218560), 306.08005488760614, 26889327.476315975, 249647.43842912395]
[(47.53224313604283, 49.42650368985063), (3877850.0, 5612650.0), (33873, 219188), 427.39794103388004, 31885308.649528388, 68296.38138389983]
[(31.826962956956237, 43.300488200683546), (3922950.0, 3856950.0), (51430, 219639), 553.7111160162851, 133358783.97048041, 5419950.447462844]
[(23.540699219612225, 34.165605579882744), (3245050.0, 2879150.0), (61208, 212860), 635.7562425961698, 15421240.48334929, 247.45647439616732]
[(22.3180246362, 34.32156438237278), (3278150.0, 2732650.0), (62673, 213191), 776.9588148673004, 34330968.991689, 32202.761070162058]
[(6.881272634162134, 32.12924056115293), (3205750.0, 850050.0), (81499, 212467), 535.000934578623, 129198887.90239602, 92920.29146307334]
[(-1.2127821767924107, 32.98858548313518), (3305750.0, -149950.0), (91499, 213467), 908.94444274664, 121238067.81988399, 50782.077533891425]
[(-1.2135910141732433, 33.132291398365254), (3320150.0, -150050.0), (91500, 213611), 602.4026892370252, 86522477.50410381, 1669058.7855085516]
[(-12.2053510984541, 34.368626837242076), (3396250.0, -1504750.0), (105047, 214372), 328.4402533186211, 58940687.62828468, 2880231.8745134547]
[(-18.207890701753467, 35.330767026255494), (3430350.0, -2236750.0), (112367, 214713), 145.49570440394453, 13207688.793521497, 1186983.2036143513]
[(73.67976021753113, 99.26473336602068), (4441250.0, 8071350.0), (9286, 224822), 2110.883227466645, 4610.834799473174, 0.0]
[(70.91216817108969, 103.49170881285929), (5108950.0, 7849950.0), (11500, 231499), 2494.7789481234604, 1852487.7623065393, 0.0]
[(59.71980720563967, 78.35127529769206), (5108950.0, 6849950.0), (21500, 231499), 561.6342226040005, 11945510.489028566, 1896.663048665505]
[(42.06379202336701, 56.67679789126283), (4719850.0, 5018750.0), (39812, 227608), 782.8952675805366, 7442444.078655673, 256.28586592385545]
[(34.94179494108146, 55.92387654802136), (4954750.0, 4216550.0), (47834, 229957), 621.7081308781477, 59647415.982647546, 4037.5878954948857]
[(29.919678511555908, 44.796544703916865), (4109050.0, 3634450.0), (53655, 221500), 581.6889203001894, 52473888.78435982, 435.12124716490507]
[(20.234155557142007, 49.88514362820883), (4806650.0, 2481850.0), (65181, 228476), 1420.6551305647688, 20550216.589901026, 0.0]
[(10.535540064380891, 45.93672311861671), (4555850.0, 1299850.0), (77001, 225968), 329.5147948120084, 42215425.68724197, 313653.1830790229]
[(1.4530112198011111, 41.67595038367048), (4176050.0, 179650.0), (88203, 222170), 339.418620585259, 20389388.72878068, 342874.06768895313]
[(-1.4942636114408372, 41.426929865369026), (4151050.0, -184750.0), (91847, 221920), 207.87015177749788, 62479.61436922662, 62479.61436922662]
[(-14.100913574024178, 49.073471929005976), (4826250.0, -1736750.0), (107367, 228672), 167.14664220378464, 9906415.849961087, 1865566.5873590554]
[(-24.27050297223393, 43.90417855215783), (4155450.0, -2966350.0), (119663, 221964), 135.80132547217644, 27065087.5884796, 794537.9607312763]
[(70.9133863687806, 103.49785047918614), (5109050.0, 7850050.0), (11499, 231500), 1873.3867726660183, 4996.0480524925515, 0.0]
[(70.91216817108969, 103.49373450715679), (5109050.0, 7849950.0), (11500, 231500), 2923.039513930662, 27044.480475375894, 0.0]
[(59.71980720563967, 87.98846912363862), (5737350.0, 6849950.0), (21500, 237783), 877.6793264057209, 11747915.013606923, 424.8996433997527]
[(43.140799706347764, 62.260479189312804), (5128950.0, 5137350.0), (38626, 231699), 854.2599136094353, 21613798.251674723, 190.57589256903157]
[(40.54252859585169, 60.46044548250412), (5109050.0, 4849950.0), (41500, 231500), 845.8321346461129, 67988331.02216974, 518.27892853925]
[(30.098231394164426, 59.05798828531496), (5411150.0, 3655350.0), (53446, 234521), 803.5178902799862, 27323448.601047505, 13840.47666214779]
[(21.58805000913725, 54.34152438896215), (5206850.0, 2644950.0), (63550, 232478), 903.4140800319641, 1532762.7406176082, 1076.7956853955984]
[(12.463216405399432, 53.670946525843235), (5300450.0, 1536350.0), (74636, 233414), 195.77793542685038, 87844.93755990267, 86545.44356387854]
[(-5.436023989973654, 53.344138888175), (5331450.0, -671750.0), (96717, 233724), 45.221676218380054, 111247.56437556073, 149.37815567851067]
[(-10.484256568971878, 56.691508610743426), (5623050.0, -1293550.0), (102935, 236640), 35.4400902933387, 264.4649762250483, 264.4649762250483]
[(-21.243113841650914, 55.769037739295285), (5351450.0, -2603450.0), (116034, 233924), 60.13318551349163, 2295907.9292154294, 1031821.999940014]
[(70.9133863687806, 142.91132615319688), (7054650.0, 7850050.0), (11499, 250956), 1044.6248130309752, 8178.06330629671, 0.0]
[(66.85987676031532, 117.51273141782092), (6531550.0, 7505850.0), (14941, 245725), 1512.7471698866273, 104445.47440280532, 0.0]
[(54.34743728155003, 95.90267996989436), (6856950.0, 6320850.0), (26791, 248979), 909.4492839075745, 6645665.105879845, 700.5122187323868]
[(45.33316823345746, 88.33846958175627), (7108950.0, 5376350.0), (36236, 251499), 754.8085850068214, 20802172.961789507, 113742.02830580296]
[(40.54252859585169, 84.12724164234989), (7108950.0, 4849950.0), (41500, 251499), 1845.1476905657173, 153624446.2703952, 0.0]
[(24.141501273128085, 70.30429923704423), (6658350.0, 2950950.0), (60490, 246993), 250.7309314783479, 314000391.70873785, 1948153.2734520957]
[(23.296661718137557, 70.91537841991075), (6743250.0, 2849950.0), (61500, 247842), 136.92698784388708, 103302613.39335309, 4029029.3908603275]
[(-19.732274257653856, 63.305002864639654), (6111750.0, -2421250.0), (114212, 241527), 32.64965543462902, 41074.60592135787, 41074.60592135787]
[(70.9133863687806, 144.0133476769768), (7109050.0, 7850050.0), (11499, 251500), 845.2076667896476, 571.2483852878213, 0.07136084884405136]
[(59.72085076628916, 124.36199438908079), (8108950.0, 6850050.0), (21499, 261499), 1083.0032317587977, 458427.9070661003, 0.0]
[(58.06063417940087, 110.66084052417112), (7439750.0, 6689550.0), (23104, 254807), 1157.9762519153837, 2645592.1928683883, 24.210565872490406]
[(40.543425936808, 91.3041386612609), (7715350.0, 4850050.0), (41499, 257563), 1879.8324393413366, 9665883.248674592, 0.0]
[(40.54252859585169, 84.12842504132783), (7109050.0, 4849950.0), (41500, 251500), 3093.651079226615, 784519.7654099048, 0.0]
[(31.76673684532443, 81.50766381898734), (7387450.0, 3849950.0), (51500, 254284), 782.3074843052443, 507872464.1950883, 7813.233975023963]
[(15.745579078916087, 78.80031048776478), (7713250.0, 1937450.0), (70625, 257542), 127.88275880665071, 298060579.209309, 7067146.603993611]
[(14.291606037330206, 78.88040015380007), (7753650.0, 1760050.0), (72399, 257946), 112.0714058089752, 216200169.29486746, 7991221.438479232]
[(6.46286034933098, 81.22813696335501), (8108950.0, 798450.0), (82015, 261499), 60.00833275470999, 7592507.289229326, 3839104.340590374]
[(70.9133863687806, 178.93568048661243), (8832950.0, 7850050.0), (11499, 268739), 142.0, 0.0, 0.0]
[(59.72085076628916, 130.83548329105096), (8531050.0, 6850050.0), (21499, 265720), 1243.152444392883, 182849.4165057689, 0.0]
[(57.771857924337176, 129.88161952488952), (8776750.0, 6661350.0), (23386, 268177), 1306.3096876315356, 1453942.205226519, 0.0]
[(41.430421762439465, 98.13420892095324), (8222950.0, 4948650.0), (40513, 262639), 816.9853119854725, 4489287.359035514, 5416.299924975261]
[(35.69055516642386, 92.05624463993765), (8109050.0, 4302250.0), (46977, 261500), 1316.4049528925361, 14324886.941581018, 0.0]
[(28.237385569113673, 98.30245570706956), (9108950.0, 3436850.0), (55631, 271499), 523.2532847484094, 311408786.52323794, 40794.454290821566]
[(20.463768099088583, 93.78987515629603), (9028750.0, 2509550.0), (64904, 270697), 322.5523213371747, 157396934.26418096, 1544232.5892377635]
[(6.983464196200893, 81.71587174556225), (8152250.0, 862650.0), (81373, 261932), 77.41446893184762, 1203458.8374195285, 1071765.472906333]
[(6.632317084410869, 81.63790641213916), (8148150.0, 819350.0), (81806, 261891), 105.89145385724005, 243052.36243695254, 243052.36243695254]
[(65.35917169438204, 158.46017301928663), (9148850.0, 7372950.0), (16270, 271898), 982.274910602933, 35107.52057281183, 301.6732107512653]
[(59.71980720563967, 140.81206940067608), (9181750.0, 6849950.0), (21500, 272227), 1053.532154231659, 1566732.4108427567, 29.625050057657063]
[(45.843027588464345, 113.84049302010688), (9109050.0, 5431450.0), (35685, 271500), 545.6784767608119, 47856123.46392582, 4526.063225804828]
[(40.54252859585169, 107.79640460015153), (9109050.0, 4849950.0), (41500, 271500), 378.85749299703707, 265418830.01168263, 19172.718144190498]
[(26.13162387241506, 97.15810328325273), (9109050.0, 3187850.0), (58121, 271500), 467.8728459742027, 179385570.4684543, 737469.7480301186]
[(19.466670536708587, 94.25445161388129), (9109050.0, 2389150.0), (66108, 271500), 287.7846417027844, 79194280.97615016, 1284533.7712143753]
[(13.608502928162256, 98.77755388691693), (9727250.0, 1676550.0), (73234, 277682), 252.62026838715852, 46038006.56405642, 1501362.4554390889]
[(3.7978266355582266, 97.13306697621663), (9721750.0, 469450.0), (85305, 277627), 241.23225323326895, 32346864.24222892, 1240214.10714514]
[(-1.5250008801038677, 100.88686356407358), (10108950.0, -188550.0), (91885, 281499), 141.19844191774922, 422514.92538210563, 350258.8669471536]
[(-12.079717470326791, 96.84096043510537), (9572450.0, -1489350.0), (104893, 276134), 34.92849839314596, 495.24711812334135, 495.24711812334135]
[(62.27730096225525, 174.1365007843084), (10785150.0, 7091550.0), (19084, 288261), 1085.6081245090238, 25608.03196296282, 28.78742077574134]
[(56.436103475532974, 157.79185172430797), (10909950.0, 6529850.0), (24701, 289509), 707.9837568758198, 454152.59356053546, 574.9884870024398]
[(48.20996973381097, 138.23520753357658), (10756550.0, 5684750.0), (33152, 287975), 773.2173045140673, 83212611.62744462, 63197.44242537441]
[(40.286968982147414, 126.85844722741685), (10745350.0, 4821450.0), (41785, 287863), 113.8859078200635, 324538502.92676663, 4870500.8707881905]
[(31.243389779124495, 120.10215284917476), (10923450.0, 3789050.0), (52109, 289644), 139.52060779684126, 347045793.1464859, 33448730.558356512]
[(17.466159298693906, 106.01951622270145), (10320250.0, 2146750.0), (68532, 283612), 195.80091930325557, 179537181.8027666, 1960862.123047838]
[(14.345633119767715, 107.09881850762059), (10525850.0, 1766650.0), (72333, 285668), 294.4163718273833, 77366286.1812795, 1606821.6118483837]
[(0.48890247320105734, 102.52842157504134), (10275450.0, 60450.0), (89395, 283164), 247.19425559668656, 47534811.66289276, 2248993.369204063]
[(-1.633391561026125, 100.89110740502979), (10109050.0, -201950.0), (92019, 281500), 210.58252539087852, 144736631.10207206, 774773.8954291698]
[(-10.531469826595142, 105.64850958503771), (10477950.0, -1299350.0), (102993, 285189), 47.53945729601885, 4150.153728648322, 4150.153728648322]
[(-24.459907385832892, 117.48000349256324), (11108950.0, -2988950.0), (119889, 291499), 428.8554535038583, 12189.775214701076, 126.97870014933869]
[(-32.838421401662835, 122.53553427326548), (11024550.0, -3974250.0), (129742, 290655), 543.7370688117558, 2732469.3483528905, 1433.2231993965106]
[(-34.362556966473676, 118.08687277806813), (10507950.0, -4150050.0), (131500, 285489), 164.30459518832697, 52625.37999064451, 42821.55295947646]
[(55.51070967082889, 158.24953862748285), (11109050.0, 6437750.0), (25622, 291500), 550.5424597612795, 276040.3952724468, 4586.820413887501]
[(45.864347855342956, 149.921952685797), (11993250.0, 5433750.0), (35662, 300342), 149.78985279383915, 6332893.760219395, 5334.122107956093]
[(35.285708582676264, 136.1344270952346), (12029550.0, 4255950.0), (47440, 300705), 90.0499861188218, 75985654.6330272, 22174824.576774873]
[(23.63267570952949, 121.09436532129605), (11496550.0, 2890150.0), (61098, 295375), 141.15594213493105, 75567260.30349535, 6130380.505460633]
[(15.447752829917887, 120.15606883996085), (11771850.0, 1901150.0), (70988, 298128), 122.18837915284743, 26328034.722826146, 11172506.897909272]
[(12.947388375973539, 121.12726689566115), (11948250.0, 1595650.0), (74043, 299892), 119.63277142990545, 46945796.37904769, 2800606.93541348]
[(1.951297106071444, 115.85197218360254), (11606850.0, 241250.0), (87587, 296478), 681.8482235805855, 14800550.516770957, 23990.138880933635]
[(-2.5305456365017474, 113.67782665752495), (11386250.0, -312850.0), (93128, 294272), 335.2148564726808, 69016782.11756644, 2159716.3487289585]
[(-17.190367273747686, 123.00353091905072), (11984650.0, -2113250.0), (111132, 300256), 297.0471343069985, 978106.7033691533, 6505.458659864147]
[(-21.54231771164155, 126.35091331455484), (12108950.0, -2639450.0), (116394, 301499), 2175.9193459317376, 151030.36741825036, 0.0]
[(-27.980326328674966, 130.48364895794563), (12108950.0, -3406550.0), (124065, 301499), 1514.2536115195498, 16010.534223217255, 0.0]
[(-42.38453495676756, 145.8701426372328), (12108950.0, -5054150.0), (140541, 301499), 252.1269521491108, 25039.18843887106, 4341.037139565684]
[(-43.25654436500826, 146.1814741517594), (12027950.0, -5150050.0), (141500, 300689), 218.92921230388603, 2057.336708791554, 2057.336708791554]
[(-54.5535240509263, 158.8879529633391), (11324150.0, -6341650.0), (153416, 293651), 29.966648127543394, 0.0, 0.0]
[(52.86826599440532, 172.9935519311767), (12646350.0, 6170450.0), (28295, 306873), 103.40696301506973, 254.78053848189302, 26.886388381477445]
[(36.98376552413411, 139.0841765844859), (12125350.0, 4449550.0), (45504, 301663), 91.76055797563569, 55837086.787995, 3977021.507829143]
[(24.464098969266477, 131.19141667438072), (12405250.0, 2989450.0), (60105, 304462), 26.40075756488817, 2375.0240522138774, 0.0]
[(8.195039161200505, 125.47088492350176), (12495650.0, 1011950.0), (79880, 305366), 129.4488315899375, 55282212.923841685, 8872816.612697974]
[(-1.2127821767924107, 121.78209218218637), (12203650.0, -149950.0), (91499, 302446), 191.25375813301028, 12421671.238662057, 225608.6728577651]
[(-3.3089699681211893, 121.71886913772325), (12186450.0, -409050.0), (94090, 302274), 299.2941696725815, 9320998.546951054, 1471469.1444204608]
[(-17.49251191002957, 132.43494090094057), (12890450.0, -2149950.0), (111499, 309314), 725.5404881879439, 2218580.7939515198, 222.33592076285277]
[(-25.81240064967472, 137.44911771499778), (12908250.0, -3149950.0), (121499, 309492), 1680.2288534601469, 53375.01689352619, 0.0]
[(-28.56860000350777, 130.93311156237937), (12109050.0, -3475850.0), (124758, 301500), 1824.2593017441352, 255772.58906211215, 0.0]
[(-34.77004195677186, 141.4130614768176), (12545250.0, -4196850.0), (131968, 305862), 320.8519907994962, 9959702.797826605, 10862.950900112075]
[(-50.82460162503625, 166.04398730197033), (12491850.0, -5959550.0), (149595, 305328), 80.23091673413684, 410.7220685182838, 0.0]
[(51.95316235703709, 177.41430091832828), (13140850.0, 6076450.0), (29235, 311818), 91.13725912051558, 0.0, 0.0]
[(26.556646151396272, 142.17710083069102), (13299450.0, 3238250.0), (57617, 313404), 41.23105625617661, 3256.6856482960284, 1086.1124525628984]
[(19.677650480801915, 145.43016098105477), (14043450.0, 2414650.0), (65853, 320844), 41.340053217188775, 0.0, 0.0]
[(7.277921461555008, 134.39271083657783), (13402150.0, 898950.0), (81010, 314431), 39.44616584663204, 28231.96216820443, 17593.561094483826]
[(-1.2127821767924107, 133.37986395818268), (13365850.0, -149950.0), (91499, 314068), 337.40924705763473, 1468710.8870103662, 418972.0926253088]
[(-2.647862892819737, 136.88096343886252), (13709550.0, -327350.0), (93273, 317505), 440.2646931108603, 10003539.884903824, 326293.0459192358]
[(-16.682001624983904, 142.73337295681768), (13930250.0, -2051450.0), (110514, 319712), 604.7974867672649, 52231.15803929694, 80.62787876918446]
[(-20.77897329791601, 136.35032615152127), (13109050.0, -2547550.0), (115475, 311500), 1144.7921208673652, 89470.73448033376, 0.9442461971193552]
[(-25.813242495808336, 139.58788383586716), (13109050.0, -3150050.0), (121500, 311500), 1113.7800500996595, 7684746.515392052, 0.2658165264874697]
[(-43.0724849263921, 171.14913436083205), (14108950.0, -5129850.0), (141298, 321499), 158.14550262337528, 1071973.06630934, 946.9732913233456]
[(-45.93852897764218, 166.94532960148695), (13343850.0, -5441750.0), (144417, 313848), 247.29132617218906, 502506.08846298273, 88969.38408756781]
[(24.304855958066135, 153.9765121769217), (14571150.0, 2970450.0), (60295, 326121), 21.93171219946131, 151.81636053696275, 151.81636053696275]
[(15.028774719202026, 145.61580332464732), (14283750.0, 1850050.0), (71499, 323247), 58.52349955359813, 46980.04796061054, 46980.04796061054]
[(14.850128686060517, 145.5552177974391), (14285150.0, 1828250.0), (71717, 323261), 41.012193308819754, 194175.62648544, 4197.9520109679725]
[(-1.1254282718238273, 144.49187150788316), (14479650.0, -139150.0), (91391, 325206), 43.41658669218482, 6653.466627135873, 22.358032017946243]
[(-7.371222113912095, 142.10732436520033), (14169650.0, -910450.0), (99104, 322106), 440.06931272243924, 9468412.894747913, 39103.66037635505]
[(-15.014021975288724, 143.82868051820572), (14109050.0, -1848250.0), (108482, 321500), 368.7817782917155, 1409365.7658886088, 233.28526396816596]
[(-21.12266667164591, 147.46663050581256), (14157650.0, -2588950.0), (115889, 321986), 165.60495161679194, 1028152.428617507, 7276.8889061645605]
[(-26.344904264972598, 150.77647139360846), (14119950.0, -3213150.0), (122131, 321609), 126.37246535539299, 4532560.712787592, 38112.69280624631]
[(-42.32106289887024, 172.7665302296126), (14350750.0, -5047150.0), (140471, 323917), 197.7978766316767, 1406058.0483205104, 26680.947527298034]
[(-43.25654436500826, 171.7232319805945), (14129550.0, -5150050.0), (141500, 321705), 78.91767862779544, 553071.2123382692, 553071.2123382692]
[(9.843075001644966, 160.86588535880855), (15975550.0, 1214750.0), (77852, 340165), 52.46903848937962, 70988.67383671057, 0.0]
[(6.880461623872156, 158.22563156329244), (15787250.0, 849950.0), (81500, 338282), 52.32590180780452, 19869.735854542247, 11412.12506058556]
[(-5.46194950404894, 151.17852115526156), (15109050.0, -674950.0), (96749, 331500), 244.59149617270018, 1317977.1215271482, 58410.228587023914]
[(-10.529841737239305, 161.7081035262115), (16037850.0, -1299150.0), (102991, 340788), 129.80754985747168, 476687.7556074993, 84534.84295784682]
[(-21.882531907162104, 166.4564072926071), (15929150.0, -2680350.0), (116803, 339701), 120.81390648431164, 312431.0834131716, 283258.02615038585]
[(-34.16257117689398, 172.13630914639077), (15340250.0, -4127050.0), (131270, 333812), 28.0178514522438, 1854.3153147005942, 0.0]
[(-35.86830148355368, 175.2664330102489), (15417350.0, -4322550.0), (133225, 334583), 212.08488866489287, 3032412.735996587, 151581.6020908817]
[(9.38851716574699, 170.0712208174898), (16903750.0, 1158850.0), (78411, 349447), 42.80186911806539, 40279.13056226887, 943.0132797034457]
[(5.27723946850609, 162.91791201246932), (16285350.0, 652150.0), (83478, 343263), 33.06055050963308, 21787.39791453362, 5721.922507336945]
[(-8.404544399747174, 162.95598226073633), (16223450.0, -1037750.0), (100377, 342644), 17.46424919657298, 308.7237028181553, 308.7237028181553]
[(-14.937805654922213, 166.67873298809332), (16354150.0, -1838950.0), (108389, 343951), 98.08159868191383, 242675.31674251345, 88908.42669030186]
[(-18.83187523192945, 169.13546297794744), (16384750.0, -2312350.0), (113123, 344257), 92.34717104492157, 175375.3115440267, 43627.27777183708]
[(7.001308040427794, 171.64170777312208), (17123150.0, 864850.0), (81351, 351641), 35.90264614203248, 1191.4632360544056, 1191.4632360544056]
[(5.998382992352571, 172.0983778189527), (17189850.0, 741150.0), (82588, 352308), 38.948684188300895, 129556.49393303978, 371.30929847992957]
[(-1.4238920587979884, 174.97314493724411), (17532950.0, -176050.0), (91760, 355739), 40.0, 18603.023002504604, 2289.440570315579]
[(-16.847286446178064, 178.7467404098337), (17435650.0, -2071550.0), (110715, 354766), 64.1248781675256, 171452.73315853975, 111366.78448765213]
[(-18.109749318606134, 177.73220658679622), (17262450.0, -2224850.0), (112248, 353034), 94.82615672903758, 795952.3095667654, 762321.4226989871]
