[(-4.508642311524035, -172.16658882057388), (-17222050.0, -557250.0), (95572, 8189), 57.982756057296896, 2053.9654897805303, 0.0]
[(-13.596238618524717, -172.4374611818673), (-16981550.0, -1675050.0), (106750, 10594), 122.53978945632312, 276189.87392987276, 234806.40401296038]
[(-19.736412712367454, -175.07492032181852), (-16902250.0, -2421750.0), (114217, 11387), 52.32590180780452, 16924.819519626326, 329.86323730275035]
[(27.781964224877814, -175.83606752473779), (-16336250.0, 3383150.0), (56168, 17047), 33.24154027718932, 0.0, 0.0]
[(3.9321992859878647, -159.34058115782443), (-15946350.0, 486050.0), (85139, 20946), 42.95346318982906, 5281.990754270926, 5281.990754270926]
[(-10.440301874144843, -160.98464119877494), (-15968950.0, -1288150.0), (102881, 20720), 52.32590180780452, 41857.23163162777, 153.83368067070842]
[(-19.054113170329146, -169.83789579601074), (-16439250.0, -2339250.0), (113392, 16017), 47.4236228055175, 101869.26833848549, 1948.0000029214284]
[(-29.268852443400775, -177.90822631311448), (-16384550.0, -3558150.0), (125581, 16564), 56.568542494923804, 0.0, 0.0]
[(23.861887854306005, -166.23935170610847), (-15765350.0, 2917550.0), (60824, 22756), 35.84689665786984, 0.0, 0.0]
[(19.634618564714735, -155.6295659377979), (-15030850.0, 2409450.0), (65905, 30101), 209.06697491473875, 1678589.4980897661, 255063.03608602722]
[(1.832383377488014, -157.40064871585227), (-15770150.0, 226550.0), (87734, 22708), 93.98404119849285, 7243.531459629536, 7243.531459629536]
[(-4.013150652793299, -154.9283701723632), (-15503850.0, -496050.0), (94960, 25371), 58.60034129593445, 161.33867054106668, 0.0]
[(-15.818625160804478, -154.52368481491118), (-15121950.0, -1946350.0), (109463, 29190), 39.20459156782532, 1202.9817890785635, 0.0]
[(-21.922479399029704, -157.90871816154154), (-15108550.0, -2685150.0), (116851, 29324), 37.013511046643494, 16208.835217282642, 671.6404696926475]
[(-8.926874413059936, -140.17877368842488), (-13943850.0, -1102050.0), (101020, 40971), 63.41135544995076, 4496.868126542307, 4496.868126542307]
[(-14.424226859250894, -144.9349348695328), (-14241350.0, -1776250.0), (107762, 37996), 63.97655820689325, 305866.9858835471, 1664.095199111849]
[(-23.370189262302095, -149.42076335642807), (-14203350.0, -2858750.0), (118587, 38376), 38.58756276314948, 4905.318305645138, 2005.0629688184708]
[(-43.71211943961508, -176.63568305371163), (-14465150.0, -5199950.0), (141999, 35758), 34.0, 9.85434715077281, 9.85434715077281]
[(-44.05075437272842, -176.49606435072386), (-14402250.0, -5236950.0), (142369, 36387), 67.08203932499369, 624.6752529917285, 624.6752529917285]
[(51.83683798256647, -177.9895314787564), (-13205050.0, 6064450.0), (29355, 48359), 90.24965373894794, 495.4777291335631, 64.36925601959229]
[(-9.722704108950941, -139.0554519765025), (-13812650.0, -1199950.0), (101999, 42283), 41.036569057366385, 1.2825920581817627, 1.2825920581817627]
[(-9.72351736992611, -139.06170112662545), (-13813250.0, -1200050.0), (102000, 42277), 78.0, 3219.5790048241615, 2778.221153244376]
[(-21.872545699722092, -138.9757724480035), (-13299950.0, -2679150.0), (116791, 47410), 52.172789842982326, 4258.741839428796, 202.75056007504463]
[(-27.645563967075606, -144.32343271484245), (-13418950.0, -3367050.0), (123670, 46220), 37.69615364994153, 356.83633682876825, 356.83633682876825]
[(53.79445452071111, -166.70073127243379), (-12019950.0, 6264850.0), (27351, 60210), 149.64624953536256, 7001.051541034132, 5602.611236770637]
[(-24.352620861884578, -128.3313306866095), (-12141450.0, -2976150.0), (119761, 58995), 47.01063709417264, 623.035946640186, 0.0]
[(60.40800379850784, -172.682426856939), (-11111050.0, 6915650.0), (20843, 69299), 100.31948963187563, 0.0, 0.0]
[(56.25863589371202, -159.1619573613988), (-11037250.0, 6512250.0), (24877, 70037), 263.0684321616716, 4144.042385668907, 443.95079639996567]
[(29.04999045847055, -118.31963447350805), (-10911150.0, 3532450.0), (54675, 71298), 78.29431652425353, 129.5665970891714, 129.5665970891714]
[(18.349779424226305, -114.72454923732585), (-11133250.0, 2253950.0), (67460, 69077), 46.0, 0.0, 0.0]
[(-24.68213462080509, -124.78400029874936), (-11786650.0, -3015450.0), (120154, 62543), 32.202484376209235, 0.0, 0.0]
[(60.3344312090816, -157.4314733370623), (-10144350.0, 6908650.0), (20913, 78966), 733.203927976385, 56673.36938196448, 1310.5566183464016]
[(59.19948920533715, -155.82024487186118), (-10260550.0, 6799950.0), (22000, 77804), 617.9846276405264, 23863.104889795766, 111.65409701093427]
[(40.77778622027334, -118.79417622952097), (-10016250.0, 4876150.0), (41238, 80247), 348.5312037680414, 4652434.009629181, 12833.27178713659]
[(37.36723872683389, -116.27016420398995), (-10104350.0, 4493050.0), (45069, 79366), 665.0090224951839, 56521986.59635682, 10790.695784960568]
[(27.170781784031767, -113.89815564933393), (-10618350.0, 3310950.0), (56890, 74226), 247.67922803497268, 9820979.117418539, 75272.06402143132]
[(22.87918300500731, -103.85276934870608), (-9894250.0, 2799950.0), (62000, 81467), 147.10540438746634, 13326172.986439716, 154031.19743966218]
[(-27.078622803825738, -109.384237405652), (-10202750.0, -3300050.0), (123000, 78382), 51.0, 7836.298278328031, 7836.298278328031]
[(70.97920833163724, -179.4857886041283), (-8841050.0, 7855450.0), (11445, 91999), 68.15423684555495, 0.0, 0.0]
[(65.32007007137165, -153.29263830761084), (-8858950.0, 7369450.0), (16305, 91820), 874.4809889300053, 617840.8425976459, 430.1155718230252]
[(56.41693051958329, -127.8281710494166), (-8841050.0, 6527950.0), (24720, 91999), 927.0755093302811, 1591320.3783251715, 246.1958768730983]
[(40.0953126571028, -113.18405472602845), (-9604050.0, 4800050.0), (41999, 84369), 490.7310872565544, 19711738.78936955, 5077.80053178488]
[(39.036753690168716, -113.13213697928063), (-9691750.0, 4681450.0), (43185, 83492), 385.8108344772085, 12261574.4337672, 28542.41206486256]
[(30.294866131284206, -106.06252462541444), (-9705850.0, 3678350.0), (53216, 83351), 303.58689036254515, 24740022.771646924, 26868.418546840127]
[(16.87689550064523, -94.35591172629746), (-9202950.0, 2075150.0), (69248, 88380), 232.64780248263682, 97534724.77552079, 1318350.227669735]
[(14.483997936938916, -90.8864919610055), (-8929050.0, 1783550.0), (72164, 91119), 56.515484603779164, 5364440.222543406, 5186184.284437685]
[(-0.8552842324563666, -91.27846097563557), (-9147550.0, -105750.0), (91057, 88934), 196.66468925559565, 41661.93596270401, 28971.137678562663]
[(70.30752309654969, -155.78403248346856), (-7841050.0, 7800050.0), (11999, 101999), 403.71400768365714, 1101.8405796701554, 321.77965408051386]
[(70.3063177525751, -158.48002284215218), (-7977050.0, 7799950.0), (12000, 100639), 1622.610242787836, 197492.24432248573, 0.0]
[(59.19948920533715, -133.77271023629407), (-8808750.0, 6799950.0), (22000, 92322), 1274.0996821285216, 6338751.707142281, 2.2342136800289154]
[(44.942907548013956, -107.93822017709917), (-8723650.0, 5334050.0), (36659, 93173), 223.8861317723811, 5289175.659770375, 267532.393163789]
[(34.28428031598744, -94.54588646108351), (-8418050.0, 4141050.0), (48589, 96229), 109.65856099730654, 30295348.319919247, 403054.4009146311]
[(29.47766042834681, -91.08845240785747), (-8378150.0, 3582650.0), (54173, 96628), 198.00252523642217, 16401455.313722849, 1096996.8075971294]
[(18.081712779596995, -89.87779253829635), (-8730350.0, 2221450.0), (67785, 93106), 348.919761549844, 16162515.41486299, 208661.66816611687]
[(11.397278288323779, -85.19184670465316), (-8433850.0, 1405650.0), (75943, 96071), 259.53805116013336, 29922037.92719517, 3303933.4465382514]
[(-1.6172137088412386, -78.25545506564929), (-7841050.0, -199950.0), (91999, 101999), 210.09759636892565, 9035786.154756062, 1175918.5747876512]
[(-4.186396985121025, -78.36527950540449), (-7841050.0, -517450.0), (95174, 101999), 270.1481075262235, 15162333.688334819, 428449.24886622885]
[(70.30752309654969, -152.36280568429584), (-7668850.0, 7800050.0), (11999, 103721), 503.7509305202324, 6559.902234842139, 5943.72730061583]
[(65.5393082996769, -119.01350010141702), (-6841050.0, 7389050.0), (16109, 111999), 1881.2030725044015, 45601.27213622629, 0.0]
[(57.03730912261278, -106.76097702062518), (-7306950.0, 6589250.0), (24107, 107340), 1152.9180369826815, 1940916.8691871972, 64.96468329802155]
[(47.83733108952828, -87.51671239139698), (-6841050.0, 5645150.0), (33548, 111999), 676.1908014754415, 44520601.54443216, 118594.84990322584]
[(31.995675164098586, -81.56974389772098), (-7381650.0, 3876550.0), (51234, 106593), 128.09761902549164, 59595194.388403304, 1066114.167650506]
[(26.309487742892177, -80.64131296390514), (-7553350.0, 3208950.0), (57910, 104876), 230.67292862405853, 25690586.63555478, 7150598.109711932]
[(22.316358293945502, -81.74181048197234), (-7807450.0, 2732450.0), (62675, 102335), 171.30382365843442, 24333163.233060867, 505341.70327119855]
[(6.47583233802905, -68.68681820410633), (-6856850.0, 800050.0), (81999, 111841), 377.2346749703691, 31542838.474351544, 30197.42704762146]
[(-1.6172137088412386, -68.2752285569994), (-6841050.0, -199950.0), (91999, 111999), 949.0921978395987, 36958850.94893536, 262.920986900921]
[(-5.715556409297779, -68.46864945407756), (-6841050.0, -706250.0), (97062, 111999), 922.1567111939272, 6876125.419401034, 330.94855776801705]
[(-10.936153394213397, -71.94020339468074), (-7128950.0, -1349050.0), (103490, 109120), 826.0750571225353, 23425641.009641647, 2817.146421507001]
[(-17.937434023203224, -70.39204438502003), (-6841050.0, -2203950.0), (112039, 111999), 198.75864761061342, 4674.054830864072, 4674.054830864072]
[(-33.74317955989542, -80.80400873494555), (-7223150.0, -4078750.0), (130787, 108178), 51.62363799656123, 965.7626434490085, 33.61924934387207]
[(72.00964755937888, -122.7830603257622), (-5841050.0, 7939150.0), (10608, 121999), 426.60168776037443, 516.2295898543671, 0.0]
[(65.77718861020048, -113.77609575971812), (-6501550.0, 7410250.0), (15897, 115394), 3059.531009811798, 5890.3534762369545, 0.0]
[(53.769830385701965, -86.3731766426586), (-6230250.0, 6262350.0), (27376, 118107), 2199.3483125689754, 70928.0315484096, 0.0]
[(47.6251076930343, -87.29115964822665), (-6840950.0, 5622550.0), (33774, 112000), 1047.6569094889796, 73464551.39291443, 13.452403339906596]
[(35.69230563353435, -75.90298259480998), (-6686050.0, 4302450.0), (46975, 113549), 101.9803902718557, 23495088.071777698, 355049.38899230293]
[(19.011970162892588, -69.6015067758814), (-6738050.0, 2334150.0), (66658, 113029), 102.48902380255166, 14636868.888788208, 10129155.022500409]
[(6.47583233802905, -64.22112571332842), (-6411050.0, 800050.0), (81999, 116299), 542.3098745182499, 21352610.878808543, 14096.622829474509]
[(-0.23252101790704596, -58.28097358055672), (-5841050.0, -28750.0), (90287, 121999), 1031.0266727878577, 1292062.0976775656, 0.7046650052070618]
[(-5.3031623962522865, -58.43511301796338), (-5841050.0, -655350.0), (96553, 121999), 984.8857801796105, 4729179.347374362, 955.5857014105056]
[(-11.366310543289842, -63.66195207926352), (-6302850.0, -1401850.0), (104018, 117381), 565.946993984419, 12725259.84558652, 87061.17131225794]
[(-19.195446041603493, -61.391291438940286), (-5939150.0, -2356350.0), (113563, 121018), 775.1264412984503, 7492776.196450012, 907.6733969785273]
[(-26.234452008086876, -67.88907224517986), (-6361450.0, -3200050.0), (122000, 116795), 469.1577559840613, 20245019.280239094, 452.224009684287]
[(-36.43494213240962, -68.96636514530164), (-6039350.0, -4387150.0), (133871, 120016), 266.54267950930483, 6973752.150079891, 12163.456285618478]
[(-48.13649220741433, -74.99711790032545), (-5841050.0, -5676950.0), (146769, 121999), 362.7698995230999, 40757.83107688371, 27.798138678073883]
[(70.30752309654969, -105.31398348266444), (-5300750.0, 7800050.0), (11999, 127402), 1388.085372014272, 0.0, 0.0]
[(65.70641615577078, -102.03583722487758), (-5840950.0, 7403950.0), (15960, 122000), 1974.0944759560014, 14142.879764843849, 0.0]
[(53.283353942866604, -72.60904239053748), (-5275650.0, 6212850.0), (27871, 127653), 2753.081182965733, 89789.74609081926, 0.0]
[(49.29979686709068, -70.53003176123208), (-5413650.0, 5799950.0), (32000, 126273), 801.0056179578268, 6678907.316161244, 90109.43945692596]
[(32.48526191600324, -64.76139202182264), (-5840950.0, 3933350.0), (50666, 122000), 21.37755832643195, 7335.09946944844, 7335.09946944844]
[(6.47583233802905, -58.5102883670016), (-5840950.0, 800050.0), (81999, 122000), 183.6627343801676, 525799.9466398022, 515209.79070350376]
[(2.0516077822329954, -54.089451781740195), (-5418850.0, 253650.0), (87463, 126221), 1002.8210209204831, 5195752.334631316, 126.16036443412304]
[(-9.037387793246772, -52.73485996252568), (-5244650.0, -1115650.0), (101156, 127963), 775.1670787643138, 5110053.663148247, 1387.564574594285]
[(-17.90446233337494, -59.15819138622829), (-5749950.0, -2199950.0), (111999, 122910), 373.2077169620157, 5648609.354621945, 3286.528992896434]
[(-19.059897823014015, -59.338261418666484), (-5743450.0, -2339950.0), (113399, 122975), 403.2381430370892, 17928327.547906727, 27618.38631119486]
[(-30.507056902861816, -62.59254761994), (-5720150.0, -3703150.0), (127031, 123208), 365.60361048545457, 34176668.976911314, 219722.43807737972]
[(-41.57026754399603, -67.45667609505098), (-5644750.0, -4964150.0), (139641, 123962), 271.0903908293321, 9492999.267836021, 17511.970105585176]
[(-48.403270214328096, -75.24288340140669), (-5840950.0, -5705250.0), (147052, 122000), 403.0, 1032463.5865615376, 371.84492093045264]
[(-53.157889371417674, -72.55145475324997), (-5281250.0, -6200050.0), (152000, 127597), 271.5879231482873, 231502.50246233353, 67.4504941124469]
[(71.377011300825, -79.0140632305125), (-3841050.0, 7887950.0), (11120, 141999), 1366.2638837354957, 1378.4970750245473, 0.0]
[(65.14938319751573, -69.41350004605373), (-4028150.0, 7354150.0), (16458, 140128), 1489.2954710197705, 21560.321683776565, 0.0]
[(59.19948920533715, -73.516333375154), (-4840950.0, 6799950.0), (22000, 132000), 1745.469564329324, 85785.67376167898, 0.0]
[(48.29291432520864, -54.8917401765547), (-4266950.0, 5693550.0), (33064, 137740), 391.72439290909625, 579022.8050534783, 112827.86527087186]
[(-0.646615201022082, -48.30380312545455), (-4840950.0, -79950.0), (90799, 132000), 220.20445045457188, 1579381.574294099, 876273.8300592257]
[(-8.92849951659651, -43.52647918265218), (-4329650.0, -1102250.0), (101022, 137113), 304.8032152061392, 23864062.90279842, 208873.52567742544]
[(-13.956911619480577, -44.91358390340437), (-4418850.0, -1719150.0), (107191, 136221), 207.21245136332902, 22396653.373663384, 172236.48103360416]
[(-24.372734448429494, -48.3563293583721), (-4574550.0, -2978550.0), (119785, 134664), 126.8897158953396, 93082837.82700063, 1328739.919155211]
[(-32.674296480534316, -52.84626498769642), (-4760050.0, -3955250.0), (129552, 132809), 191.2066944434739, 14523768.717303082, 364502.9262496247]
[(-34.8258250813327, -53.90460259610309), (-4780050.0, -4203250.0), (132032, 132609), 27.018512172212592, 10.93952573579736, 10.93952573579736]
[(-51.932797590416314, -59.329883990137006), (-4395750.0, -6074350.0), (150743, 136452), 213.56497840235883, 3869.0000122126075, 3858.8451393876458]
[(-54.731183160083376, -66.46090865571128), (-4723650.0, -6359550.0), (153595, 133173), 220.32702966272657, 6529.692574420944, 6373.575097271241]
[(70.30752309654969, -73.76796773512406), (-3712950.0, 7800050.0), (11999, 143280), 1445.4871151276307, 3440.5441683420017, 0.0]
[(70.3063177525751, -76.3081394419697), (-3840950.0, 7799950.0), (12000, 142000), 2653.8509754694214, 40750.62908023392, 0.0]
[(-9.722704108950941, -38.66781814272766), (-3840950.0, -1199950.0), (101999, 142000), 207.52349264601347, 20716017.217681497, 418235.2732394803]
[(-9.72351736992611, -38.62660039944928), (-3836850.0, -1200050.0), (102000, 142041), 204.08331631958552, 9592808.087513916, 210915.33579602017]
[(-19.26323609280667, -39.712940255945206), (-3840950.0, -2364550.0), (113645, 142000), 42.0, 3770.0032648870256, 52.10882964800112]
[(70.30752309654969, -36.57752380149212), (-1841050.0, 7800050.0), (11999, 161999), 6557.733907379896, 5251.927073557277, 0.0]
[(70.3063177525751, -43.88718817851917), (-2209050.0, 7799950.0), (12000, 158319), 3478.5377675109407, 13342.229293320648, 0.0]
[(38.48219594052742, -28.422593628738962), (-2446750.0, 4619050.0), (43809, 155942), 57.3149195236284, 217933.99851196876, 36810.238453450394]
[(16.83330500754068, -22.92145807545729), (-2235950.0, 2069850.0), (69301, 158050), 53.85164807134504, 638839.9999220334, 65586.6149157947]
[(-20.51683792094426, -29.31837712287103), (-2821750.0, -2515950.0), (115159, 152192), 43.139309220245984, 0.0, 0.0]
[(74.24849552295694, -42.08095893666577), (-1840950.0, 8115350.0), (8846, 162000), 4868.410212790208, 369.640302446793, 0.0]
[(70.3063177525751, -36.5741468401552), (-1840950.0, 7799950.0), (12000, 162000), 1916.853932880646, 380656.69805649575, 0.0]
[(31.844173141804035, -9.394755970549284), (-851050.0, 3858950.0), (51410, 171899), 53.36665625650534, 564199.4901212222, 306063.61784030125]
[(25.575090296898964, -13.206016313228316), (-1241750.0, 3121750.0), (58782, 167992), 886.4423275092407, 5752046.140218422, 1395.7829630738124]
[(20.09164536135101, -9.965373682801877), (-960750.0, 2464650.0), (65353, 170802), 877.0188139373066, 19047379.788488753, 147.66758737433702]
[(14.043635929244491, -8.550500563490289), (-841050.0, 1729750.0), (72702, 171999), 124.63145670335399, 45277727.54820227, 319446.7325924393]
[(5.425491872122936, -8.415084874108045), (-841050.0, 670450.0), (83295, 171999), 219.3855054464629, 3310853.775433266, 233798.20161674917]
[(-7.949046141205294, -14.31783815800311), (-1426450.0, -981650.0), (99816, 166145), 46.400431032480725, 978.5509084053338, 978.5509084053338]
[(-40.31295672378389, -9.931736448697603), (-841050.0, -4824350.0), (138243, 171999), 72.94518489934754, 353.535736951977, 0.0]
[(79.62834392468584, -25.140931522358464), (-840950.0, 8502850.0), (4971, 172000), 1177.1711855121157, 47.72521245479584, 0.0]
[(65.35023234652408, -14.139744294358467), (-816550.0, 7372150.0), (16278, 172244), 90.80198235721508, 89364.46850338967, 9681.301992993802]
[(58.36054817853559, -6.354891626789224), (-424950.0, 6718750.0), (22812, 176160), 69.63476143421474, 76786370.73828927, 42372.53301439398]
[(42.1969080738847, -2.993375572723872), (-248950.0, 5033450.0), (39665, 177920), 60.21627686929839, 45127274.426285416, 1294313.4852521324]
[(31.650628249874597, 1.7523709720957978), (158950.0, 3836450.0), (51635, 181999), 500.7284693324317, 69859932.34652269, 361.4800463616848]
[(22.880017472100025, -4.00696825803622), (-381750.0, 2800050.0), (61999, 176592), 1018.5735123200485, 3255940.556299287, 939.1513442993164]
[(19.801805727343616, -2.0550475961059207), (-198350.0, 2429650.0), (65703, 178426), 1639.261114038883, 5490232.946659686, 0.0]
[(8.863497531384798, -3.5197131859562654), (-350150.0, 1094250.0), (79057, 176908), 334.24841061701403, 94246533.13638653, 865357.280310072]
[(5.802262472768007, -7.161255725613025), (-715450.0, 716950.0), (82830, 173255), 183.76343488300387, 40082886.568030566, 3030277.9768640613]
[(-15.906457950475687, -5.683528601157157), (-556050.0, -1957050.0), (109570, 174849), 31.144823004794873, 3562.9133486757055, 3562.9133486757055]
[(-40.33446665044375, -9.932536113484902), (-840950.0, -4826750.0), (138267, 172000), 66.21933252457322, 0.0, 0.0]
[(78.58867048490902, 18.068209082445954), (642950.0, 8432350.0), (5676, 186839), 416.51530584121394, 4432.968167159706, 2751.2962443232536]
[(67.2042883937294, 16.879245691633), (929650.0, 7535950.0), (14640, 189706), 413.9975845340163, 6970857.490469903, 22476.834884286858]
[(59.19948920533715, 13.606205163752824), (895950.0, 6799950.0), (22000, 189369), 262.90872941003687, 119294403.67817435, 508139.34082779987]
[(46.152934358591565, 10.57444903015284), (843150.0, 5464850.0), (35351, 188841), 95.75489543621255, 118071109.0782258, 7353709.997805269]
[(31.948320655027274, 2.5236397781837505), (228450.0, 3871050.0), (51289, 182694), 436.7298936413673, 53121514.49885848, 103620.70985759096]
[(27.66335164160253, 12.46599323161828), (1158950.0, 3369150.0), (56308, 191999), 929.5934595294871, 403217.26013642433, 7.779595483094454]
[(22.87918300500731, 1.669432545661541), (159050.0, 2799950.0), (62000, 182000), 1716.7282836838217, 6038232.842472047, 0.0]
[(14.618300651254895, 11.801088857371608), (1158950.0, 1799950.0), (72000, 191999), 270.7120241141867, 216624966.25937957, 87800.45056575537]
[(-1.4473491495430995, 11.082000379330196), (1110450.0, -178950.0), (91789, 191514), 325.8297101247828, 98498435.38063492, 67068.56837502401]
[(-2.547536155223347, 10.457596261076288), (1047450.0, -314950.0), (93149, 190884), 234.13244115243833, 115303.83550209994, 80705.05885336665]
[(-16.80863284129175, 11.879820883679006), (1158950.0, -2066850.0), (110668, 191999), 122.7721466783081, 46894.0010420084, 1316.9384338967502]
[(-17.905286597104585, 11.923857254856674), (1158950.0, -2200050.0), (112000, 191999), 111.7899816620434, 38.99359893798828, 38.99359893798828]
[(70.30752309654969, 27.32908550291545), (1375550.0, 7800050.0), (11999, 194165), 212.26869764522513, 22532.208466738462, 4526.017650987953]
[(67.04273593414533, 39.03083497638609), (2158950.0, 7521850.0), (14781, 201999), 840.9768129978377, 17845771.21181518, 1884.7615823913366]
[(57.24866905856183, 30.488717496787505), (2079150.0, 6610050.0), (23899, 201201), 205.9927183179056, 59751211.67917337, 268659.85203215433]
[(41.867477480214085, 13.891230832633452), (1159050.0, 4997050.0), (40029, 192000), 93.55746896961247, 80952654.59605682, 2163652.8407834233]
[(31.33783711171979, 23.75222299622902), (2158950.0, 3800050.0), (51999, 201999), 572.3809919974632, 17398795.61357812, 6952.706956758164]
[(22.880017472100025, 12.165753921353977), (1159050.0, 2800050.0), (61999, 192000), 1542.990602693354, 975345.3903555917, 0.0]
[(22.7164990906075, 22.644181595692928), (2158950.0, 2780450.0), (62195, 201999), 1392.2244790262812, 1271186.1664864742, 0.0]
[(14.618300651254895, 18.341353211390146), (1801250.0, 1799950.0), (72000, 198422), 491.4977110831748, 47353184.5549485, 4459.9069038257]
[(-1.6172137088412386, 21.546810020849698), (2158950.0, -199950.0), (91999, 201999), 550.7177135338939, 18154443.617477365, 33216.81174725667]
[(-2.606599106449776, 21.555275820436595), (2158950.0, -322250.0), (93222, 201999), 548.0191602489825, 64146106.29739035, 26214.236775215715]
[(-13.737701788212178, 18.067825302620612), (1778650.0, -1692350.0), (106923, 198196), 625.0887936925442, 21317080.72815449, 19392.97569492366]
[(-22.57056332624618, 22.629279234511017), (2158950.0, -2762950.0), (117629, 201999), 505.1574012127309, 2002852.3871626828, 5958.436376336031]
[(-27.00762081209661, 15.806810504846528), (1474950.0, -3291650.0), (122916, 195159), 386.76090805561, 9383304.395541806, 29754.70146002717]
[(-34.79793174255543, 19.90477050691539), (1765450.0, -4200050.0), (132000, 198064), 23.769728648009426, 2844.5321146314964, 2844.5321146314964]
[(75.10574336290067, 58.871900260357876), (2485550.0, 8180650.0), (8193, 205265), 732.1509407219252, 2059.271607544273, 23.94242161512375]
[(65.97301764370937, 49.624721588550116), (2821850.0, 7427650.0), (15723, 208628), 932.2687380793159, 1977009.0982734938, 1549.5657573631033]
[(59.19948920533715, 44.97208065369655), (2961350.0, 6799950.0), (22000, 210023), 233.48875775934053, 55387365.86793641, 93365.914914859]
[(49.29979686709068, 32.79780341494439), (2517450.0, 5799950.0), (32000, 205584), 143.0, 62766049.02129938, 1003646.1788015316]
[(31.46496827003861, 23.773349788516324), (2159050.0, 3814850.0), (51851, 202000), 237.94537188186703, 48688339.55885902, 171398.9846106246]
[(28.200890982243983, 23.29520536898161), (2159050.0, 3432550.0), (55674, 202000), 1703.3252772151302, 122328141.5124385, 0.0]
[(21.47248260127094, 22.521920115946415), (2159050.0, 2631050.0), (63689, 202000), 1725.4384949919252, 3079578.996832462, 0.0]
[(7.088097748697201, 26.593119532689546), (2652650.0, 875550.0), (81244, 206936), 772.4901293867773, 26339482.967757855, 1129.672218836844]
[(6.475021584998208, 26.64537229356022), (2659950.0, 799950.0), (82000, 207009), 627.0901051683084, 48775199.534019694, 2666.8090901114047]
[(-3.9759126460580156, 31.566176909386613), (3158950.0, -491450.0), (94914, 211999), 412.6802636424475, 87109970.88293606, 1031406.9138657941]
[(-12.059324533853518, 21.841289112489328), (2159050.0, -1486850.0), (104868, 202000), 443.3835811123366, 42583667.3854164, 71364.83078849316]
[(-22.89503821342585, 23.388968263084266), (2228150.0, -2801850.0), (118018, 202691), 625.6932155617479, 44884293.813392304, 9249.418314155657]
[(-28.054959768335916, 32.496025167356315), (3014350.0, -3415350.0), (124153, 210553), 94.33981132056604, 34648022.701484844, 1464984.9120949619]
[(-46.8969501871147, 37.758677454942195), (2984850.0, -5544750.0), (145447, 210258), 104.12012293500234, 0.0, 0.0]
[(75.04481300027392, 98.25181575439447), (4158950.0, 8176050.0), (8239, 221999), 1433.7785742575456, 14791.735306696035, 0.0]
[(70.3063177525751, 82.62584426565822), (4158950.0, 7799950.0), (12000, 221999), 1441.9282229015423, 1858626.2167015, 0.0]
[(59.19948920533715, 63.1592465715607), (4158950.0, 6799950.0), (22000, 221999), 426.6954417380153, 27021240.595601935, 21874.570910360664]
[(47.53224313604283, 49.42650368985063), (3877850.0, 5612650.0), (33873, 219188), 427.39794103388004, 30982028.754908845, 68296.38138389983]
[(31.33783711171979, 42.31217120931333), (3845950.0, 3800050.0), (51999, 218869), 602.6557889873787, 129481691.67346513, 1305.3795793917961]
[(22.880017472100025, 34.25419924476307), (3263450.0, 2800050.0), (61999, 213044), 724.0, 9366182.096728314, 1066.0886986055411]
[(22.3180246362, 34.32156438237278), (3278150.0, 2732650.0), (62673, 213191), 776.9588148673004, 38638857.78010763, 31565.537617713213]
[(6.47583233802905, 31.832333585844655), (3177750.0, 800050.0), (81999, 212187), 854.7900326980889, 136393036.20041302, 10720.568009000272]
[(-0.9733701159631517, 33.10770495825043), (3317850.0, -120350.0), (91203, 213588), 780.6977648232381, 118657038.06944191, 794805.0124248844]
[(-8.542614101709926, 38.06342073819652), (3788650.0, -1054750.0), (100547, 218296), 488.77909120583297, 73493783.27568172, 212748.0982468892]
[(-12.2053510984541, 34.368626837242076), (3396250.0, -1504750.0), (105047, 214372), 328.4402533186211, 57877949.96520261, 2880231.8745134547]
[(-24.26882730714188, 43.94079836165992), (4158950.0, -2966150.0), (119661, 221999), 165.0605949341029, 9365225.163186986, 114418.25555839762]
[(73.56682621899819, 92.55306151137052), (4159050.0, 8062550.0), (9374, 222000), 2329.0008587374973, 4624.353644792922, 0.0]
[(70.3063177525751, 102.49284056656546), (5158950.0, 7799950.0), (12000, 231999), 2458.4389355849376, 1856298.4897206896, 0.0]
[(59.19948920533715, 67.14718058127272), (4421550.0, 6799950.0), (22000, 224625), 582.1511831131154, 11144971.663532503, 6642.289396094158]
[(42.06379202336701, 56.676797891262844), (4719850.0, 5018750.0), (39812, 227608), 782.8952675805366, 10475153.104884936, 256.28586592385545]
[(34.94179494108146, 55.92387654802136), (4954750.0, 4216550.0), (47834, 229957), 621.7081308781477, 57907194.1346025, 4037.5878954948857]
[(22.880017472100025, 48.17021369533129), (4589250.0, 2800050.0), (61999, 226302), 722.6645141419357, 48453747.11453081, 10235.231230609585]
[(20.234155557142007, 49.88514362820883), (4806650.0, 2481850.0), (65181, 228476), 1420.6551305647688, 22810997.634638026, 0.0]
[(10.535540064380891, 45.93672311861671), (4555850.0, 1299850.0), (77001, 225968), 329.5147948120084, 35324200.40542949, 313653.1830790229]
[(1.431980700371478, 41.506057918364114), (4159050.0, 177050.0), (88229, 222000), 440.8004083482682, 18469143.51766873, 178076.85789427534]
[(-1.6358182431462134, 41.50849714880876), (4159050.0, -202250.0), (92022, 222000), 52.392747589718944, 24673.346472978592, 24648.41994561255]
[(-14.100913574024178, 49.073471929005976), (4826250.0, -1736750.0), (107367, 228672), 167.14664220378464, 10810648.443350652, 1865566.5873590554]
[(-24.553811578196324, 44.00340483294939), (4159050.0, -3000150.0), (120001, 222000), 145.34441853748632, 25713846.34444289, 658386.65021154]
[(70.30752309654969, 102.49872310262509), (5159050.0, 7800050.0), (11999, 232000), 1857.036887086522, 6049.989058402367, 0.0]
[(67.49053127429015, 104.50459352220679), (5711550.0, 7560850.0), (14391, 237525), 2319.456186264358, 30919.613282432314, 0.0]
[(56.23143734894274, 81.39331362216974), (5646850.0, 6509550.0), (24904, 236878), 677.4370819493129, 12181233.862246733, 33444.77696320508]
[(42.89408940020179, 65.12486488724993), (5378450.0, 5110250.0), (38897, 234194), 784.298412595614, 32525359.04812349, 13234.487552587176]
[(31.33783711171979, 57.87854389852078), (5260850.0, 3800050.0), (51999, 233018), 647.7167590853273, 74378768.47323595, 2048.9105126955546]
[(30.098231394164426, 59.05798828531496), (5411150.0, 3655350.0), (53446, 234521), 803.5178902799862, 25980956.247205332, 13840.47666214779]
[(21.501579012353677, 54.24218583612796), (5199250.0, 2634550.0), (63654, 232402), 991.3969941451305, 1026858.0696724559, 459.462012141943]
[(12.463216405399432, 53.670946525843235), (5300450.0, 1536350.0), (74636, 233414), 195.77793542685038, 86729.0301810205, 86545.44356387854]
[(-5.436023989973654, 53.344138888175), (5331450.0, -671750.0), (96717, 233724), 45.221676218380054, 111247.56437556073, 149.37815567851067]
[(-10.484256568971878, 56.691508610743426), (5623050.0, -1293550.0), (102935, 236640), 35.4400902933387, 264.4649762250483, 264.4649762250483]
[(-21.243113841650914, 55.769037739295285), (5351450.0, -2603450.0), (116034, 233924), 60.13318551349163, 2336982.535136787, 1031821.999940014]
[(70.30752309654969, 122.36647454962117), (6159050.0, 7800050.0), (11999, 242000), 1158.1174379137894, 9122.546067323536, 0.0]
[(70.3063177525751, 132.31916211311753), (6660250.0, 7799950.0), (12000, 247012), 1703.2486606482332, 104977.99521268671, 0.0]
[(54.34743728155003, 95.90267996989436), (6856950.0, 6320850.0), (26791, 248979), 909.4492839075745, 6371519.657622152, 700.5122187323868]
[(40.0953126571028, 84.18697884102234), (7143550.0, 4800050.0), (41999, 251845), 1025.809436493933, 20358376.52846642, 114.36022507282905]
[(40.094417541875394, 84.36777399013106), (7158950.0, 4799950.0), (42000, 251999), 1759.2830926260845, 179767969.14356843, 0.0]
[(24.141501273128085, 70.30429923704423), (6658350.0, 2950950.0), (60490, 246993), 250.7309314783479, 347844332.79542357, 1948153.2734520957]
[(21.34448462810078, 73.5875217583598), (7058250.0, 2615650.0), (63843, 250992), 68.8839603971781, 99921242.7568529, 20604018.79442843]
[(11.212305802625009, 72.1032880547184), (7140950.0, 1382950.0), (76170, 251819), 28.844410203711913, 7903.255799412727, 7903.255799412727]
[(70.79291242715644, 144.4589211809834), (7159050.0, 7840150.0), (11598, 252000), 754.0059681461414, 3041.5393821354955, 59.49847930110991]
[(70.3063177525751, 142.22881986801005), (7159050.0, 7799950.0), (12000, 252000), 1086.8288733742768, 507292.8424103074, 4502.183934632689]
[(58.06063417940087, 110.66084052417112), (7439750.0, 6689550.0), (23104, 254807), 1157.9762519153837, 2854196.5750646256, 24.210565872490406]
[(40.0953126571028, 90.78895482589552), (7703750.0, 4800050.0), (41999, 257447), 1901.580921233698, 7956958.2466100715, 0.0]
[(40.094417541875394, 84.36895248382065), (7159050.0, 4799950.0), (42000, 252000), 2489.51340627039, 377907.04862442974, 0.0]
[(31.336978338453328, 82.37566753882584), (7487550.0, 3799950.0), (52000, 255285), 767.385170562997, 490739950.32728744, 6396.905344683677]
[(15.745579078916087, 78.80031048776478), (7713250.0, 1937450.0), (70625, 257542), 127.88275880665071, 278369145.3082328, 7484634.454121916]
[(14.291606037330206, 78.88040015380007), (7753650.0, 1760050.0), (72399, 257946), 112.0714058089752, 214689109.3198366, 5953799.063928087]
[(6.475021584998208, 81.54488651557823), (8140450.0, 799950.0), (82000, 261814), 108.90821823902914, 3716962.4760107477, 1567858.1429639887]
[(71.15266653865753, 179.26872434207826), (8780050.0, 7869650.0), (11303, 268210), 95.33624704172071, 0.5448667053133249, 0.5448667053133249]
[(59.20052695814258, 129.31650328969113), (8515150.0, 6800050.0), (21999, 265561), 1490.266083623995, 140143.63487960305, 0.0]
[(57.771857924337176, 129.88161952488952), (8776750.0, 6661350.0), (23386, 268177), 1306.3096876315356, 1984052.120906765, 0.0]
[(40.0953126571028, 101.67832613975271), (8627750.0, 4800050.0), (41999, 266687), 923.8490136380511, 4252394.284182, 186.85232860103133]
[(35.81312282888164, 92.71289371644464), (8159050.0, 4316250.0), (46837, 262000), 975.9313500446638, 22681522.69130854, 2255.889119692147]
[(30.899387229711273, 89.50620794729755), (8159050.0, 3748950.0), (52510, 262000), 575.0130433303231, 321262476.45278144, 22203.577826410532]
[(20.463768099088583, 93.78987515629603), (9028750.0, 2509550.0), (64904, 270697), 322.5523213371747, 122112798.17885762, 2012977.8787440537]
[(11.87418367381249, 92.61419467681083), (9158950.0, 1464150.0), (75358, 271999), 119.26860441876563, 268741.74741672794, 84.06944024562836]
[(65.2608985602635, 158.25723607226865), (9159050.0, 7364150.0), (16358, 272000), 1001.2996554478584, 116441.16176815983, 13.876989420503378]
[(54.59518393390706, 132.94255093372504), (9468850.0, 6345850.0), (26541, 275098), 960.2510088513316, 1849579.4895872308, 21.517003861255944]
[(46.77657054735326, 117.7537992553453), (9321650.0, 5531850.0), (34681, 273626), 433.94124026185847, 67830383.1569944, 15730.664940509945]
[(31.33783711171979, 100.76555642030219), (9159050.0, 3800050.0), (51999, 272000), 296.952858211535, 282383806.55654913, 61229.21348049119]
[(31.336978338453328, 103.01592902216701), (9363650.0, 3799950.0), (52000, 274046), 331.27179173603054, 182910538.72092298, 1928774.7306626586]
[(18.83187523192945, 94.54646315556657), (9159050.0, 2312350.0), (66876, 272000), 310.17736861350795, 83017163.98755679, 1585832.005944195]
[(13.608502928162256, 98.77755388691693), (9727250.0, 1676550.0), (73234, 277682), 252.62026838715852, 46443988.233118325, 1501362.4554390889]
[(3.7978266355582266, 97.13306697621663), (9721750.0, 469450.0), (85305, 277627), 241.23225323326895, 36670450.83242907, 1240214.10714514]
[(-1.6673652136511057, 100.97301176650757), (10117150.0, -206150.0), (92061, 281581), 163.95426191471816, 674515.7197520547, 521269.7145706024]
[(-12.079717470326791, 96.84096043510537), (9572450.0, -1489350.0), (104893, 276134), 34.92849839314596, 495.24711812334135, 495.24711812334135]
[(62.27730096225525, 174.1365007843084), (10785150.0, 7091550.0), (19084, 288261), 1085.6081245090238, 26877.88040630566, 28.78742077574134]
[(56.436103475532974, 157.79185172430797), (10909950.0, 6529850.0), (24701, 289509), 707.9837568758198, 477060.09402933856, 574.9884870024398]
[(48.20996973381097, 138.23520753357658), (10756550.0, 5684750.0), (33152, 287975), 773.2173045140673, 78542912.80251986, 63197.44242537441]
[(33.30204671755133, 118.71975763959749), (10646250.0, 4027850.0), (49721, 286872), 98.73702446397704, 322264383.23804396, 19762524.924705353]
[(31.336978338453328, 120.12795008244572), (10919050.0, 3799950.0), (52000, 289600), 161.4465855941215, 368737974.14690536, 17391581.557993405]
[(17.466159298693906, 106.01951622270145), (10320250.0, 2146750.0), (68532, 283612), 195.80091930325557, 129191822.45028771, 1960862.123047838]
[(14.345633119767715, 107.09881850762059), (10525850.0, 1766650.0), (72333, 285668), 294.4163718273833, 73281988.62763116, 1249532.6287759072]
[(0.48890247320105734, 102.52842157504134), (10275450.0, 60450.0), (89395, 283164), 247.19425559668656, 44174700.66845859, 2248993.369204063]
[(-2.9739468997235483, 102.37671664552228), (10251950.0, -367650.0), (93676, 282929), 205.50669088864237, 148424194.3267315, 2221943.4889785033]
[(-10.531469826595142, 105.64850958503771), (10477950.0, -1299350.0), (102993, 285189), 47.53945729601885, 4150.153728648322, 4150.153728648322]
[(-24.506017720885996, 117.61776759468445), (11119450.0, -2994450.0), (119944, 291604), 466.31534394656154, 16010.344815070508, 164.61218176491093]
[(-32.838421401662835, 122.53553427326548), (11024550.0, -3974250.0), (129742, 290655), 543.7370688117558, 2740674.33764481, 1452.3494102269178]
[(-34.79793174255543, 116.89352567341062), (10367850.0, -4200050.0), (132000, 284088), 119.20151005754919, 43915.46494945794, 43764.636668890285]
[(54.85641035744959, 160.37085125777958), (11375850.0, 6372150.0), (26278, 294168), 493.1460229992735, 271447.7543546753, 7364.24096041359]
[(45.864347855342956, 149.921952685797), (11993250.0, 5433750.0), (35662, 300342), 149.78985279383915, 6868016.351476373, 5334.122107956093]
[(36.98376552413411, 139.0841765844859), (12125350.0, 4449550.0), (45504, 301663), 91.76055797563569, 82274642.2468766, 3299680.7707299227]
[(23.63267570952949, 121.09436532129605), (11496550.0, 2890150.0), (61098, 295375), 141.15594213493105, 62272963.432916224, 7814880.851684798]
[(15.447752829917887, 120.15606883996085), (11771850.0, 1901150.0), (70988, 298128), 122.18837915284743, 39662740.399834596, 15294689.692629421]
[(12.947388375973539, 121.12726689566115), (11948250.0, 1595650.0), (74043, 299892), 119.63277142990545, 37771624.13180581, 2800606.93541348]
[(1.951297106071444, 115.85197218360254), (11606850.0, 241250.0), (87587, 296478), 681.8482235805855, 15999579.146244237, 23990.138880933635]
[(-2.5305456365017474, 113.67782665752495), (11386250.0, -312850.0), (93128, 294272), 335.2148564726808, 62884489.73084592, 2159716.3487289585]
[(-17.190367273747686, 123.00353091905072), (11984650.0, -2113250.0), (111132, 300256), 297.0471343069985, 232985.88482306537, 7871.7130873124115]
[(-21.79349759783149, 127.00957766640121), (12158950.0, -2669650.0), (116696, 301999), 2542.646062667787, 147904.8343701199, 0.0]
[(-28.25096615726038, 131.22798792092922), (12158950.0, -3438450.0), (124384, 301999), 1498.1164841226466, 36813.03009425363, 0.0]
[(-42.30837135593606, 146.0109908785241), (12129850.0, -5045750.0), (140457, 301708), 244.62420158275427, 80896.62772666608, 68403.69322900992]
[(-43.856638046471666, 146.98643698299168), (12018850.0, -5215750.0), (142157, 300598), 22.360679774997898, 0.0, 0.0]
[(-54.557490987421914, 158.88792772441172), (11323450.0, -6342050.0), (153420, 293644), 29.966648127543394, 0.0, 0.0]
[(52.86826599440532, 172.9935519311767), (12646350.0, 6170450.0), (28295, 306873), 103.40696301506973, 254.78053848189302, 26.886388381477445]
[(37.124728215261264, 139.83815307852763), (12176950.0, 4465550.0), (45344, 302179), 66.18912297349165, 47194524.53765436, 4725838.346199808]
[(24.464098969266477, 131.19141667438072), (12405250.0, 2989450.0), (60105, 304462), 26.40075756488817, 2375.0240522138774, 0.0]
[(8.195039161200505, 125.47088492350176), (12495650.0, 1011950.0), (79880, 305366), 129.4488315899375, 52284036.62447362, 8872816.612697974]
[(-1.275062930812003, 121.33878860924555), (12159050.0, -157650.0), (91576, 302000), 196.02295783912658, 10448225.98208889, 265063.00079665426]
[(-3.214285328004293, 121.43814111523933), (12159050.0, -397350.0), (93973, 302000), 324.98153793715727, 8945304.715283584, 535680.0915053431]
[(-17.776719075208305, 132.49629016292275), (12883850.0, -2184450.0), (111844, 309248), 822.0231140302565, 1621349.5686480086, 48.209839952061884]
[(-25.230382358296644, 136.98949350512595), (12903850.0, -3080750.0), (120807, 309448), 1526.0461985143177, 53349.283386070456, 0.0]
[(-28.239083106809627, 131.2199855772198), (12159050.0, -3437050.0), (124370, 302000), 2010.2069545198574, 650660.6212954377, 0.0]
[(-34.79793174255543, 141.33914770354116), (12536050.0, -4200050.0), (132000, 305770), 320.3248351283428, 9542520.971369268, 4454.061732724891]
[(-50.82748485253198, 166.04115833678432), (12491150.0, -5959850.0), (149598, 305321), 80.23091673413684, 0.0, 0.0]
[(51.932797590416314, 179.64844574676042), (13310150.0, 6074350.0), (29256, 313511), 58.18934610390462, 0.0, 0.0]
[(26.556646151396272, 142.17710083069102), (13299450.0, 3238250.0), (57617, 313404), 41.23105625617661, 3256.6856482960284, 1086.1124525628984]
[(18.081712779596995, 145.76450779866914), (14158950.0, 2221450.0), (67785, 321999), 67.0, 0.0, 0.0]
[(7.277921461555008, 134.39271083657783), (13402150.0, 898950.0), (81010, 314431), 39.44616584663204, 28231.96216820443, 17593.561094483826]
[(-1.1666785972716407, 133.36252257038413), (13364250.0, -144250.0), (91442, 314052), 278.0017985553331, 1245617.6633639564, 484283.42409852706]
[(-7.580567627191463, 142.04203808659608), (14158950.0, -936250.0), (99362, 321999), 460.3531253288067, 9878783.317439815, 21420.85834596306]
[(-17.90446233337494, 136.96886550250858), (13312850.0, -2199950.0), (111999, 313538), 797.6772530290682, 61760.304504593914, 48.79893171903677]
[(-20.64290687239037, 136.7943205508018), (13159050.0, -2531150.0), (115311, 312000), 806.8091471965349, 109374.04033911611, 587.9207299976842]
[(-27.68198752512576, 141.5574477114601), (13159050.0, -3371350.0), (123713, 312000), 511.2426038584813, 8314650.621668734, 53.28857524506748]
[(-43.61158185310254, 170.61695446476034), (13986950.0, -5188950.0), (141889, 320279), 155.92626462530293, 827802.9496206034, 6939.029674675461]
[(-45.93852897764218, 166.94532960148695), (13343850.0, -5441750.0), (144417, 313848), 247.29132617218906, 495386.9653089892, 88969.38408756781]
[(24.30401803833067, 153.9748249334551), (14571050.0, 2970350.0), (60296, 326120), 21.93171219946131, 151.81636053696275, 151.81636053696275]
[(16.349951654874495, 145.67698592584435), (14232650.0, 2011050.0), (69889, 322736), 55.60575509783138, 49563.69022822281, 0.0]
[(13.32730203906739, 144.71091155438359), (14260950.0, 1642150.0), (73578, 323019), 36.138621999185304, 234389.5550346321, 181361.45281073631]
[(-1.4028616414474722, 149.60397501869), (14990950.0, -173450.0), (91734, 330319), 61.814237842102365, 8351.046677263454, 6779.549428299069]
[(-7.374467488864407, 142.00165933311473), (14159050.0, -910850.0), (99108, 322000), 467.26865933850087, 10201644.204305371, 26670.694273523986]
[(-9.72351736992611, 148.91554385463957), (14792050.0, -1200050.0), (102000, 328330), 311.52046481732145, 614885.842962162, 82493.50276661292]
[(-20.977348961107495, 147.39209720337126), (14159050.0, -2571450.0), (115714, 322000), 259.37039152532424, 1037361.9932421638, 6556.299461718067]
[(-26.49757976627946, 152.42759002471834), (14262850.0, -3231250.0), (122312, 323038), 69.26037828369117, 4229639.293285055, 1137384.989878348]
[(-42.32106289887024, 172.7665302296126), (14350750.0, -5047150.0), (140471, 323917), 197.7978766316767, 1850233.4888524471, 26680.947527298034]
[(-43.71303370558448, 173.11198983555127), (14176450.0, -5200050.0), (142000, 322174), 24.041630560342615, 204.44937614374794, 204.44937614374794]
[(9.843075001644966, 160.86588535880855), (15975550.0, 1214750.0), (77852, 340165), 52.46903848937962, 46441.04320493457, 0.0]
[(5.499218183713139, 153.49177502562102), (15339650.0, 679550.0), (83204, 333806), 36.89173349139343, 8250.904264631812, 7545.72590782959]
[(-4.377470744388051, 152.86684903223582), (15293150.0, -541050.0), (95410, 333341), 182.94534703019914, 1557730.5070334005, 348653.709414728]
[(-10.529841737239305, 161.7081035262115), (16037850.0, -1299150.0), (102991, 340788), 129.80754985747168, 133182.117106542, 84112.3890489228]
[(-21.882531907162104, 166.4564072926071), (15929150.0, -2680350.0), (116803, 339701), 120.81390648431164, 312529.00001760526, 283258.02615038585]
[(-34.442601579106324, 172.94981672601122), (15380750.0, -4159250.0), (131592, 334217), 58.69412236331676, 2706.874512073293, 852.5591973726987]
[(-35.86830148355368, 175.2664330102489), (15417350.0, -4322550.0), (133225, 334583), 212.08488866489287, 2956057.843283187, 151581.6020908817]
[(14.619119666161838, 169.00304010915923), (16597250.0, 1800050.0), (71999, 346382), 39.21734310225516, 0.0, 0.0]
[(14.612567579564267, 168.9978890997259), (16597050.0, 1799250.0), (72007, 346380), 43.41658669218482, 41470.59379832327, 0.0]
[(5.27723946850609, 162.91791201246932), (16285350.0, 652150.0), (83478, 343263), 33.06055050963308, 22067.99316532456, 5721.922507336945]
[(-8.404544399747174, 162.95598226073633), (16223450.0, -1037750.0), (100377, 342644), 17.46424919657298, 308.7237028181553, 308.7237028181553]
[(-14.937805654922213, 166.67873298809332), (16354150.0, -1838950.0), (108389, 343951), 98.08159868191383, 373063.1743267217, 88908.42669030186]
[(-18.83187523192945, 169.13546297794744), (16384750.0, -2312350.0), (113123, 344257), 92.34717104492157, 44889.53735538479, 43627.27777183708]
[(-1.4238920587979884, 174.97414290475638), (17533050.0, -176050.0), (91760, 355740), 40.0, 133402.26473024796, 4524.376379626105]
[(-9.396646753118253, 179.8532676995404), (17875750.0, -1159850.0), (101598, 359167), 42.720018726587654, 14589.628121086396, 127.45011481642723]
[(-17.90446233337494, 178.21122865189852), (17321450.0, -2199950.0), (111999, 353624), 92.78469701410896, 483870.10731500585, 357166.1809979802]
[(-18.109749318606134, 177.73220658679622), (17262450.0, -2224850.0), (112248, 353034), 94.82615672903758, 483421.9642437184, 468749.0326208798]
