[(-2.8234422446426137, -171.65798593949464), (-17191150.0, -349050.0), (93490, 8498), 52.172789842982326, 7.965494930744171, 7.965494930744171]
[(-4.508642311524035, -172.16658882057388), (-17222050.0, -557250.0), (95572, 8189), 57.982756057296896, 2050.3429919239134, 0.0]
[(-13.596238618524717, -172.4374611818673), (-16981550.0, -1675050.0), (106750, 10594), 122.53978945632312, 333366.2506142038, 234806.40401296038]
[(-19.736412712367454, -175.07492032181852), (-16902250.0, -2421750.0), (114217, 11387), 52.32590180780452, 100639.77368867211, 4289.067218622193]
[(23.861887854306005, -166.23935170610847), (-15765350.0, 2917550.0), (60824, 22756), 35.84689665786984, 0.0, 0.0]
[(1.832383377488014, -157.40064871585227), (-15770150.0, 226550.0), (87734, 22708), 93.98404119849285, 12525.522213900462, 7243.531459629536]
[(-10.440301874144843, -160.98464119877494), (-15968950.0, -1288150.0), (102881, 20720), 52.32590180780452, 742.6111619179137, 153.83368067070842]
[(-19.054113170329146, -169.83789579601074), (-16439250.0, -2339250.0), (113392, 16017), 47.4236228055175, 2249.553628285285, 1948.0000029214284]
[(-29.272260253670733, -177.90648306194598), (-16384050.0, -3558550.0), (125585, 16569), 56.568542494923804, 0.0, 0.0]
[(22.057333737179807, -159.5159987119642), (-15253350.0, 2701350.0), (62986, 27876), 115.0173899895142, 1212147.3996331645, 315198.2958312414]
[(19.634618564714735, -155.6295659377979), (-15030850.0, 2409450.0), (65905, 30101), 209.06697491473875, 466442.0984566016, 255063.03608602722]
[(-4.013150652793299, -154.9283701723632), (-15503850.0, -496050.0), (94960, 25371), 58.60034129593445, 0.0, 0.0]
[(-16.26286549713187, -151.80515182766686), (-14835450.0, -2000450.0), (110004, 32055), 39.824615503479755, 48432.74343270529, 40938.049943152815]
[(-21.922479399029704, -157.90871816154154), (-15108550.0, -2685150.0), (116851, 29324), 37.013511046643494, 12125.2728585382, 671.6404696926475]
[(-9.778007582772352, -139.10895771660597), (-13816550.0, -1206750.0), (102067, 42244), 70.40596565632774, 7276.371871844865, 2779.503745302558]
[(-14.424226859250894, -144.9349348695328), (-14241350.0, -1776250.0), (107762, 37996), 63.97655820689325, 263945.67561364087, 1664.095199111849]
[(-20.433090296647954, -143.54374356027466), (-13820050.0, -2505850.0), (115058, 42209), 40.80441152620633, 4905.318305645138, 0.0]
[(-44.05075437272842, -176.49606435072386), (-14402250.0, -5236950.0), (142369, 36387), 67.08203932499369, 634.5296001425013, 634.5296001425013]
[(51.83974474321295, -177.98735973792816), (-13204350.0, 6064750.0), (29352, 48366), 90.24965373894794, 495.4777291335631, 64.36925601959229]
[(-17.34018094134462, -138.36247285027446), (-13474350.0, -2131450.0), (111314, 45666), 51.0, 1179.5003284077247, 123.66777867078781]
[(-21.872545699722092, -138.9757724480035), (-13299950.0, -2679150.0), (116791, 47410), 52.172789842982326, 3203.952747784555, 202.75056007504463]
[(-27.925211923600592, -143.4908810031864), (-13320250.0, -3400050.0), (124000, 47207), 3.0, 0.0, 0.0]
[(57.146998812297845, -170.406163572807), (-11641050.0, 6600050.0), (23999, 63999), 20.12461179749811, 0.0, 0.0]
[(54.76694788233607, -164.03267995269994), (-11651950.0, 6363150.0), (26368, 63890), 174.54512310574592, 7131.642569975229, 0.0]
[(-24.352620861884578, -128.3313306866095), (-12141450.0, -2976150.0), (119761, 58995), 47.01063709417264, 71.62988330889493, 0.0]
[(57.146998812297845, -156.83491748689985), (-10713950.0, 6600050.0), (23999, 73270), 361.62134892729995, 1600.7956430954328, 98.11067089310382]
[(57.14598262422334, -158.05446296310166), (-10797450.0, 6599950.0), (24000, 72435), 335.094016658012, 3991.686185896809, 125.09110981225967]
[(35.930504277839745, -121.28406933878205), (-10663550.0, 4329650.0), (46703, 73774), 116.70903992407786, 882367.6000592769, 385347.81561805296]
[(27.34926339723587, -114.25544863012745), (-10641050.0, 3332050.0), (56679, 73999), 186.02419197512995, 11970.716145118058, 11837.343174588692]
[(18.77653977401051, -110.98141810221736), (-10753350.0, 2305650.0), (66943, 72876), 82.63776376451628, 0.0, 0.0]
[(67.9436730054882, -178.61018214508812), (-9641050.0, 7600050.0), (13999, 83999), 187.52333188166213, 0.0, 0.0]
[(62.86275590541172, -157.6373814506473), (-9641050.0, 7145850.0), (18541, 83999), 792.2278712592735, 143534.3270919433, 13.02843878914814]
[(49.62980699697787, -126.1400771342474), (-9641050.0, 5834650.0), (31653, 83999), 263.0304164920856, 34910.374908596394, 8792.531087191648]
[(42.1072470103847, -117.11378142208234), (-9748650.0, 5023550.0), (39764, 82923), 468.12391521903686, 11821172.54486392, 2490.7337793061324]
[(37.36723872683389, -116.27016420398995), (-10104350.0, 4493050.0), (45069, 79366), 665.0090224951839, 54264703.447273, 10790.695784960568]
[(26.002715797799375, -102.76226889274545), (-9641050.0, 3172550.0), (58274, 83999), 325.0, 19140068.161233425, 1992278.9425772754]
[(20.251558460329036, -103.00354240483641), (-9924150.0, 2483950.0), (65160, 81168), 97.62171889492625, 28132629.526940115, 8528558.709475525]
[(-27.078622803825738, -109.384237405652), (-10202750.0, -3300050.0), (123000, 78382), 51.0, 7836.298278328031, 7836.298278328031]
[(67.9436730054882, -160.08417282607326), (-8641050.0, 7600050.0), (13999, 93999), 843.3415678122359, 1349.415759393596, 5.524113999330439]
[(57.146998812297845, -126.49101066835071), (-8641050.0, 6600050.0), (23999, 93999), 1313.628562417855, 649131.8415993697, 0.0]
[(57.14598262422334, -126.48880218823048), (-8641050.0, 6599950.0), (24000, 93999), 1527.2462145967165, 10530586.481896276, 0.0]
[(40.17499558185372, -113.70231814099719), (-9640950.0, 4808950.0), (41910, 84000), 628.0907577731103, 14338071.412820587, 9531.215380269074]
[(33.333218886057814, -106.56290419620514), (-9553950.0, 4031450.0), (49685, 84870), 383.76034188018957, 25902168.246166997, 106755.89934105771]
[(26.77360345038036, -103.18780877221513), (-9640950.0, 3263950.0), (57360, 84000), 283.0, 21187441.18283952, 3136.1646202849224]
[(18.081712779596995, -89.87779253829635), (-8730350.0, 2221450.0), (67785, 93106), 348.919761549844, 92090861.58244412, 199250.3769396579]
[(5.529195813544573, -87.06325331022127), (-8700650.0, 683250.0), (83167, 93403), 50.60632371551998, 3346.8077549673617, 0.0]
[(-0.8552842324563666, -91.27846097563557), (-9147550.0, -105750.0), (91057, 88934), 196.66468925559565, 41661.93596270401, 28971.137678562663]
[(68.5848236134643, -155.74519077143083), (-8256050.0, 7655050.0), (13449, 97849), 1168.3599616556535, 4005.6177174865247, 261.01439701393247]
[(66.36403061976387, -138.85446802142863), (-7817750.0, 7462250.0), (15377, 102232), 1215.3143626239262, 179776.14781032733, 0.0]
[(57.14598262422334, -126.48733837535835), (-8640950.0, 6599950.0), (24000, 94000), 645.6725176124503, 6867518.584837357, 126.39723371465516]
[(46.63671957932584, -108.97723873682509), (-8640950.0, 5516850.0), (34831, 94000), 155.36087023443193, 14230468.284388613, 23907.09420075593]
[(30.21362942629192, -90.11747403323223), (-8250950.0, 3668850.0), (53311, 97900), 181.79658962697843, 30355311.261816755, 2695603.488031012]
[(29.51688331010067, -91.07993145028891), (-8375350.0, 3587250.0), (54127, 96656), 209.35137926462295, 10169744.716423187, 96367.63048460503]
[(19.188832948562812, -87.85832915733499), (-8499850.0, 2355550.0), (66444, 95411), 225.64130827488125, 16265705.999091573, 475249.3920766786]
[(11.397278288323779, -85.19184670465316), (-8433850.0, 1405650.0), (75943, 96071), 259.53805116013336, 16141297.351271015, 3303933.4465382514]
[(-1.0032962345773522, -76.24788193499845), (-7641050.0, -124050.0), (91240, 103999), 347.3110997362451, 25166211.887340743, 281359.6475414373]
[(-3.236135327164526, -76.65134900758964), (-7674650.0, -400050.0), (94000, 103663), 372.6620452903676, 11764719.80878751, 8394.924298226833]
[(-11.351642060797118, -77.1759933443248), (-7641050.0, -1400050.0), (104000, 103999), 57.8013840664737, 181643.2118278928, 181643.2118278928]
[(67.9436730054882, -123.03215418804355), (-6641050.0, 7600050.0), (13999, 113999), 1539.1595109019727, 13239.728996306118, 0.0]
[(67.94251305039285, -123.0281924114631), (-6641050.0, 7599950.0), (14000, 113999), 3424.4824426473556, 46389.958458710855, 0.0]
[(57.14598262422334, -107.17525515318832), (-7321650.0, 6599950.0), (24000, 107193), 1300.5391189810477, 2151133.378389198, 0.0]
[(47.41320295786448, -86.92948641724419), (-6829950.0, 5599950.0), (34000, 112110), 802.3197616910604, 61298532.05943956, 1830.013296418998]
[(30.69458066906468, -82.26869185053009), (-7509250.0, 3725050.0), (52749, 105317), 148.66068747318505, 46607406.764149986, 2318520.534901905]
[(26.309487742892177, -80.64131296390514), (-7553350.0, 3208950.0), (57910, 104876), 230.67292862405853, 17158196.196285315, 6948591.068535758]
[(21.051246646922856, -73.4585984528395), (-7054550.0, 2580350.0), (64196, 109864), 145.2618325645109, 31311219.523772493, 5884.387174037984]
[(6.251272585213815, -66.50715395036092), (-6641050.0, 772350.0), (82276, 113999), 356.2878050116226, 48535899.62132375, 76954.92802346312]
[(-0.9830758728622745, -68.2746287140227), (-6842050.0, -121550.0), (91215, 111989), 812.473384179445, 18927623.30329617, 1104.7216754061983]
[(-11.350827153561106, -71.92074199767548), (-7120750.0, -1399950.0), (103999, 109202), 956.8307060290238, 5732518.274227929, 43.71101231686771]
[(-11.351642060797118, -70.94216120186829), (-7023850.0, -1400050.0), (104000, 110171), 763.6681216339988, 25215122.717906617, 234.51247826078907]
[(-24.29061160848169, -70.17253664410075), (-6641050.0, -2968750.0), (119687, 113999), 343.02332282222443, 853994.847693882, 375973.13120823726]
[(-33.74231205975044, -80.80461822100467), (-7223250.0, -4078650.0), (130786, 108177), 51.62363799656123, 939.75073620677, 33.61924934387207]
[(67.9436730054882, -123.03030158711164), (-6640950.0, 7600050.0), (13999, 114000), 1561.8866796281989, 830.587294545956, 0.0]
[(66.90783002505054, -119.63185681760221), (-6640950.0, 7510050.0), (14899, 114000), 4120.63308242799, 9368.933966797595, 0.0]
[(53.769830385701965, -86.3731766426586), (-6230250.0, 6262350.0), (27376, 118107), 2199.3483125689754, 358094.8649736373, 0.0]
[(47.41320295786448, -77.51608688222655), (-6090350.0, 5599950.0), (34000, 119506), 945.1528976837557, 85101744.23055229, 16803.941458240486]
[(36.608928720997724, -75.94285621758401), (-6640950.0, 4406950.0), (45930, 114000), 72.12489168102785, 442678.26375606924, 168640.08140678995]
[(16.11173201665005, -61.676924874631396), (-6030350.0, 1982050.0), (70179, 120106), 62.07253821135398, 5173464.606237146, 467828.0360734092]
[(4.855238694804025, -63.916025295455235), (-6391650.0, 600050.0), (83999, 116493), 784.4004079550189, 13820157.346366728, 136.59052200615406]
[(1.1335165530557043, -57.412557359001724), (-5753350.0, 140150.0), (88598, 122876), 930.773871571393, 4064866.4664293514, 669.972719669342]
[(-5.423061393394112, -58.534246397973206), (-5850250.0, -670150.0), (96701, 121907), 823.4615959472549, 2733823.9888587985, 7183.8064130519815]
[(-19.55601390190735, -61.514765182545446), (-5942950.0, -2399950.0), (113999, 120980), 863.5050665745974, 9743333.975557031, 225.73409574944526]
[(-25.01701795539827, -68.96064220784659), (-6502850.0, -3055350.0), (120553, 115381), 487.95491595023407, 7823580.138117277, 2297.0211766902357]
[(-30.507056902861816, -62.59254761994), (-5720150.0, -3703150.0), (127031, 123208), 365.60361048545457, 21755894.511644088, 202623.12366860104]
[(-45.1485240369053, -74.07567297150777), (-5973350.0, -5356350.0), (143563, 120676), 295.2033197645311, 6294826.954863347, 4839.093356426805]
[(-48.53543653790565, -73.25680378303683), (-5677450.0, -5719250.0), (147192, 123635), 402.1989557420556, 87576.78174290061, 1521.243956135586]
[(70.94263104158708, -107.96448783155455), (-5324450.0, 7852450.0), (11475, 127165), 1074.1140535343534, 6162.581699086335, 0.0]
[(65.90430409646423, -99.02998676794755), (-5640950.0, 7421550.0), (15784, 124000), 1880.945506919326, 12792.295962968841, 0.0]
[(53.283353942866604, -72.60904239053748), (-5275650.0, 6212850.0), (27871, 127653), 2753.081182965733, 909225.1650776629, 0.0]
[(46.55753021164072, -69.23961245690828), (-5495150.0, 5508350.0), (34916, 125458), 332.5838240203513, 3054211.819062157, 124695.08387992464]
[(4.855238694804025, -53.744100842373925), (-5374450.0, 600050.0), (83999, 126665), 370.3039292257105, 898345.124051061, 126612.18152205949]
[(2.0516077822329954, -54.089451781740195), (-5418850.0, 253650.0), (87463, 126221), 1002.8210209204831, 8186629.228893318, 126.16036443412304]
[(-9.037387793246772, -52.73485996252568), (-5244650.0, -1115650.0), (101156, 127963), 775.1670787643138, 5603473.899292189, 2263.904331868237]
[(-17.529572736128458, -57.341140200742096), (-5580550.0, -2154450.0), (111544, 124604), 346.78091066262573, 16028308.365484035, 1939.0571817749878]
[(-19.59655553255134, -58.39789300390631), (-5640950.0, -2404850.0), (114048, 124000), 237.06539182259397, 31660762.96849522, 2868.7261750302278]
[(-32.674296480534316, -52.84626498769642), (-4760050.0, -3955250.0), (129552, 132809), 191.2066944434739, 38440528.10935323, 370499.3641944735]
[(-41.57026754399603, -67.41126480683428), (-5640950.0, -4964150.0), (139641, 124000), 241.11822826157297, 3160122.019515436, 9665.889401223045]
[(-49.54794112415825, -73.426806574878), (-5618050.0, -5826050.0), (148260, 124229), 275.40878707840824, 1157272.5481602007, 3750.322223780211]
[(-55.13420734901904, -67.21310917141801), (-4746850.0, -6400050.0), (154000, 132941), 152.8201557386983, 864.8441555714235, 209.70712516456842]
[(68.85722020716422, -69.22923062059614), (-3641050.0, 7678250.0), (13217, 143999), 2842.6123548595224, 4010.2933432903046, 0.0]
[(67.94251305039285, -67.45195413071092), (-3641050.0, 7599950.0), (14000, 143999), 1690.9905381166388, 19149.554877785966, 0.0]
[(51.887231613565504, -62.599207598577436), (-4640950.0, 6069650.0), (29303, 134000), 1681.4163672332918, 503407.0217958591, 0.0]
[(47.41320295786448, -55.14971721904845), (-4333050.0, 5599950.0), (34000, 137079), 132.23085872821065, 43378.070272551944, 25743.408595850866]
[(-3.041919299318423, -46.04006154773235), (-4610250.0, -376050.0), (93760, 134307), 155.95512174981621, 3804642.8883556444, 366388.6129662959]
[(-8.92849951659651, -43.52647918265218), (-4329650.0, -1102250.0), (101022, 137113), 304.8032152061392, 27203055.233496558, 211204.993154165]
[(-13.956911619480577, -44.91358390340437), (-4418850.0, -1719150.0), (107191, 136221), 207.21245136332902, 21008088.091632284, 172236.48103360416]
[(-24.372734448429494, -48.3563293583721), (-4574550.0, -2978550.0), (119785, 134664), 126.8897158953396, 83738368.17648736, 1182248.1801276007]
[(-28.586445787476382, -49.63991080746614), (-4590350.0, -3477950.0), (124779, 134506), 52.009614495783374, 1515824.6574678277, 1206095.6962562276]
[(-51.932797590416314, -59.329883990137006), (-4395750.0, -6074350.0), (150743, 136452), 213.56497840235883, 3874.2069211734342, 3858.8451393876458]
[(69.7735803876381, -71.14742292345892), (-3640950.0, 7755550.0), (12444, 144000), 907.1874117292413, 13574.907393266556, 0.0]
[(64.64187038791542, -44.961951225721016), (-2641050.0, 7308450.0), (16915, 153999), 2674.268685080091, 38831.96458976733, 0.0]
[(39.71171044603047, -31.101760942235362), (-2648350.0, 4757150.0), (42428, 153926), 44.28317965096906, 5049.370704549918, 5049.370704549918]
[(-5.197853074507059, -36.0259212137401), (-3601450.0, -642350.0), (96423, 144395), 45.880278987817846, 16401312.929717844, 1888099.463107426]
[(-20.51683792094426, -29.31837712287103), (-2821750.0, -2515950.0), (115159, 152192), 43.139309220245984, 0.0, 0.0]
[(74.63112357467112, -38.101625506810606), (-1641050.0, 8144650.0), (8553, 163999), 5045.764956872248, 5388.930535760122, 0.0]
[(67.94251305039285, -48.924688829184156), (-2640950.0, 7599950.0), (14000, 154000), 3611.901715163357, 3112.8362902657536, 0.0]
[(38.48219594052742, -28.422593628738962), (-2446750.0, 4619050.0), (43809, 155942), 57.3149195236284, 77343.61147287009, 36810.238453450394]
[(37.8053867704901, -25.27050175389771), (-2188050.0, 4542650.0), (44573, 158529), 42.95346318982906, 135541.01633454862, 135541.01633454862]
[(28.730103707352264, -17.815497763518483), (-1646050.0, 3494850.0), (55051, 163949), 42.720018726587654, 89754.54206025321, 79150.6664176574]
[(20.842874236291085, -17.07342931534697), (-1641050.0, 2555250.0), (64447, 163999), 55.90169943749474, 9686716.493691482, 0.0]
[(12.917168281345221, -16.635158313496387), (-1641050.0, 1591950.0), (74080, 163999), 47.92702786528704, 87106.56935504358, 87106.56935504358]
[(81.12197040500541, -54.28248283534718), (-1640950.0, 8599950.0), (4000, 164000), 6821.601058402639, 369.44464033842087, 0.0]
[(65.15049751977301, -16.349399538013607), (-948750.0, 7354250.0), (16457, 170922), 329.1959902550455, 390338.00004948955, 31164.412793489173]
[(53.60547663109039, -10.122347067441204), (-731950.0, 6245650.0), (27543, 173090), 44.64302857109943, 752856.4805077458, 406780.6469475486]
[(39.82608112573057, -8.97749768824955), (-763650.0, 4769950.0), (42300, 172773), 48.16637831516918, 10401950.007601757, 1872943.2759590002]
[(29.626055556270465, -7.4232053509678755), (-682150.0, 3600050.0), (53999, 173588), 269.1356535281047, 18005125.561112225, 150745.61931815208]
[(25.575090296898964, -13.206016313228316), (-1241750.0, 3121750.0), (58782, 167992), 886.4423275092407, 3507202.816634673, 1395.7829630738124]
[(20.09164536135101, -9.965373682801877), (-960750.0, 2464650.0), (65353, 170802), 877.0188139373066, 23589066.38155023, 147.66758737433702]
[(5.394706084761028, -8.517873580840192), (-851350.0, 666650.0), (83333, 171896), 198.65799757371965, 55301804.74505513, 616509.0819541197]
[(4.854428812564372, -8.436431093437093), (-843650.0, 599950.0), (84000, 171973), 107.44766167767449, 878557.6753160171, 300988.3879378168]
[(-7.948234377486003, -14.316816938936242), (-1426350.0, -981550.0), (99815, 166146), 46.400431032480725, 978.5509084053338, 978.5509084053338]
[(-40.310268163235435, -9.951563353616892), (-842750.0, -4824050.0), (138240, 171982), 66.46803743153546, 353.535736951977, 0.0]
[(81.12197040500541, -21.20257008032894), (-640950.0, 8599950.0), (4000, 174000), 599.1761009920206, 47.72521245479584, 0.0]
[(60.97972574558367, 5.607712759594405), (356750.0, 6969850.0), (20301, 183977), 75.0, 1471682.4978595786, 510539.10685755266]
[(57.14598262422334, -4.273601680218711), (-291950.0, 6599950.0), (24000, 177490), 76.90253571892151, 117481485.65894249, 639987.9958334819]
[(39.365456360433136, -4.445824311680202), (-379750.0, 4718350.0), (42816, 176612), 61.1310068623117, 51063363.77953805, 1550382.478316333]
[(29.626055556270465, 3.9061197108112857), (358950.0, 3600050.0), (53999, 183999), 989.184007149327, 61069749.093635894, 1203.9173521269113]
[(21.214867701782236, -1.6479323218740936), (-158150.0, 2600050.0), (63999, 178828), 1152.2534443428667, 832189.9092810755, 80.00222492218018]
[(19.801805727343616, -2.0550475961059207), (-198350.0, 2429650.0), (65703, 178426), 1639.261114038883, 23038163.197133623, 0.0]
[(8.863497531384798, -3.5197131859562654), (-350150.0, 1094250.0), (79057, 176908), 334.24841061701403, 140302124.7723632, 865357.280310072]
[(4.854428812564372, -2.0474832766920463), (-204750.0, 599950.0), (84000, 178362), 43.289721643826724, 23915.37009332329, 23779.238671556115]
[(-15.906457950475687, -5.683528601157157), (-556050.0, -1957050.0), (109570, 174849), 31.144823004794873, 3562.9133486757055, 3562.9133486757055]
[(78.58867048490902, 18.068209082445954), (642950.0, 8432350.0), (5676, 186839), 416.51530584121394, 305005.2855696096, 2751.2962443232536]
[(67.2042883937294, 16.879245691633), (929650.0, 7535950.0), (14640, 189706), 413.9975845340163, 13841575.020148166, 16475.324589218013]
[(52.538412952959625, 5.258433915910755), (386250.0, 6136650.0), (28633, 184272), 112.0714058089752, 143593956.39388695, 8669166.962775867]
[(46.152934358591565, 10.57444903015284), (843150.0, 5464850.0), (35351, 188841), 95.75489543621255, 77209429.82382137, 7353709.997805269]
[(29.626055556270465, 4.612366177538275), (423850.0, 3600050.0), (53999, 184648), 670.7764158048492, 42781385.81669061, 40.52829317958094]
[(21.214867701782236, 14.160339100921904), (1358950.0, 2600050.0), (63999, 193999), 1023.132444994293, 824946.3831296323, 141.39155202545226]
[(17.793200113447657, 13.976110405146793), (1358950.0, 2186450.0), (68135, 193999), 1050.7949371785153, 33204943.14692559, 404.668570689857]
[(5.8233320040922845, 12.864933297061521), (1285250.0, 719550.0), (82804, 193262), 368.0869462504749, 228321148.95059824, 272743.0087128775]
[(1.4052882243478129, 12.748472929672094), (1277450.0, 173750.0), (88262, 193184), 392.4130476933712, 34347258.81731395, 32761.47191655729]
[(-3.236135327164526, 11.076749899587252), (1109050.0, -400050.0), (94000, 191500), 241.4477169078225, 21821036.362138692, 14443.345627523027]
[(-17.887977365557177, 12.274983210530966), (1193150.0, -2197950.0), (111979, 192341), 321.01401838549043, 4834123.760889779, 12646.691145619843]
[(-19.55684124327735, 13.248651536125204), (1279950.0, -2400050.0), (114000, 193209), 434.89883881197017, 1704.672715040273, 1622.3507738546468]
[(67.9436730054882, 36.4953120579933), (1969950.0, 7600050.0), (13999, 200109), 662.8574507388447, 515326.9313993687, 4349.02756817732]
[(67.94251305039285, 38.789435508050985), (2093850.0, 7599950.0), (14000, 201348), 794.7439839344491, 16434323.714193657, 269.2280315924436]
[(57.14598262422334, 30.491954033154943), (2083050.0, 6599950.0), (24000, 201240), 143.93401265857906, 71086832.86034596, 150775.85811440088]
[(43.08250264942029, 19.51578861016158), (1608650.0, 5130950.0), (38690, 196496), 93.13431161500041, 63363377.33228587, 1771716.912934246]
[(30.175157739107288, 25.7583644582837), (2358950.0, 3664350.0), (53356, 203999), 898.7641514880308, 8472498.580982536, 324.5161701384932]
[(21.214867701782236, 23.688440998624536), (2273350.0, 2600050.0), (63999, 203143), 1887.4864237922347, 363390.65443443204, 0.0]
[(21.214036964131818, 22.68491026090113), (2177050.0, 2599950.0), (64000, 202180), 1382.6152754833863, 9341191.380727723, 0.0]
[(7.152991335475404, 23.65080840138764), (2358950.0, 883550.0), (81164, 203999), 624.9839997951948, 28554101.25274937, 6800.572161678225]
[(-3.23532606472528, 20.340240652531328), (2036550.0, -399950.0), (93999, 200775), 569.590203567442, 18278749.011220325, 32330.315955948085]
[(-10.459837000000254, 20.759310717628882), (2059150.0, -1290550.0), (102905, 201001), 386.15670394284234, 59331643.5296473, 543343.0101521835]
[(-13.737701788212178, 18.067825302620612), (1778650.0, -1692350.0), (106923, 198196), 625.0887936925442, 16663038.980910301, 19392.97569492366]
[(-22.89503821342585, 23.388968263084266), (2228150.0, -2801850.0), (118018, 202691), 625.6932155617479, 2578503.5277915467, 10713.03878384782]
[(-27.925211923600592, 15.93828441570274), (1479550.0, -3400050.0), (124000, 195205), 222.62299971027252, 11838780.344084263, 26853.457835293608]
[(67.9436730054882, 61.879650026907434), (3340150.0, 7600050.0), (13999, 213811), 1225.2007998691479, 6254.420378025621, 0.0]
[(65.97301764370937, 49.624721588550116), (2821850.0, 7427650.0), (15723, 208628), 932.2687380793159, 5410766.197582746, 1549.5657573631033]
[(49.64028187567334, 43.32648094589019), (3311050.0, 5835750.0), (31642, 213520), 152.55490814785344, 60589090.065631926, 276697.2499662428]
[(43.91429891562771, 40.39524738862496), (3301050.0, 5222050.0), (37779, 213420), 229.61271741782946, 60807168.60306739, 1242344.9385665758]
[(29.626055556270465, 26.03154831095478), (2392150.0, 3600050.0), (53999, 204331), 1566.3795836258848, 164727855.01254526, 0.0]
[(27.552408323090255, 25.35865692928068), (2359050.0, 3356050.0), (56439, 204000), 1834.5530790903815, 42196270.58389164, 0.0]
[(17.911056484135376, 24.27157485471575), (2359050.0, 2200750.0), (67992, 204000), 1218.5868865206126, 29632407.161292534, 3505.525848388672]
[(7.088097748697201, 26.593119532689546), (2652650.0, 875550.0), (81244, 206936), 772.4901293867773, 20117310.888221946, 1160.4147701635957]
[(-0.9620467464337763, 33.51775896183839), (3358950.0, -118950.0), (91189, 213999), 885.1717347498168, 112828833.73729497, 40352.19495989382]
[(-3.9993887052906785, 31.44182323999789), (3146450.0, -494350.0), (94943, 211874), 361.4318746319976, 66417407.8280333, 3143480.323149669]
[(-19.21693929377103, 26.301309893486575), (2544250.0, -2358950.0), (113589, 205852), 462.9643614793692, 54482646.09612529, 47768.03942979127]
[(-19.55684124327735, 25.71322138635527), (2484150.0, -2400050.0), (114000, 205251), 278.6198126479881, 54042291.64001748, 30225.249417001847]
[(-28.054959768335916, 32.496025167356315), (3014350.0, -3415350.0), (124153, 210553), 94.33981132056604, 19345742.968728714, 1011790.0204708176]
[(-46.8969501871147, 37.758677454942195), (2984850.0, -5544750.0), (145447, 210258), 104.12012293500234, 0.0, 0.0]
[(74.01111749839662, 98.69814400970547), (4358950.0, 8097050.0), (9029, 223999), 2066.7428480582676, 23327.068677798845, 0.0]
[(67.94251305039285, 62.22778773232021), (3359050.0, 7599950.0), (14000, 214000), 1012.7097313643234, 5036381.936330643, 0.7753745559602976]
[(47.53224313604283, 49.42650368985063), (3877850.0, 5612650.0), (33873, 219188), 427.39794103388004, 26509496.19854164, 673.8430500770919]
[(45.529135701840154, 54.28425413526629), (4358950.0, 5397550.0), (36024, 223999), 400.3448513469356, 38727978.76666887, 16172.374070852296]
[(29.944446535471425, 45.36828396572511), (4160850.0, 3637350.0), (53626, 222018), 557.2297551279903, 79462168.41194479, 5606.345998538658]
[(26.793872060615985, 46.65933921152088), (4358950.0, 3266350.0), (57336, 223999), 741.5962513389613, 17633550.51416207, 2457.3321393635124]
[(20.355162569246744, 34.87828901482019), (3359050.0, 2496450.0), (65035, 214000), 633.4137668222882, 55182940.23657638, 47669.95451232791]
[(5.7001605335321415, 33.61849505660016), (3359050.0, 704350.0), (82956, 214000), 708.6106123958348, 140259845.45400843, 164923.3922292143]
[(-0.7331557739037856, 33.51753483020053), (3359050.0, -90650.0), (90906, 214000), 459.7434066955175, 84528559.3282101, 2934533.513082535]
[(-8.542614101709926, 38.06342073819652), (3788650.0, -1054750.0), (100547, 218296), 488.77909120583297, 50509490.38870409, 212748.0982468892]
[(-12.2053510984541, 34.368626837242076), (3396250.0, -1504750.0), (105047, 214372), 328.4402533186211, 38245315.51041029, 1257306.0415948997]
[(-24.27050297223393, 43.90417855215783), (4155450.0, -2966350.0), (119663, 221964), 135.80132547217644, 6310317.114439681, 794537.9607312763]
[(73.33791855872778, 96.15993519579165), (4359050.0, 8044650.0), (9553, 224000), 2537.3411280314676, 90253.38221182022, 0.0]
[(67.94251305039285, 94.80287352994509), (5117450.0, 7599950.0), (14000, 231584), 2033.275190425536, 2339771.3224334726, 0.0]
[(48.73392578748582, 62.949545716751636), (4866550.0, 5740250.0), (32597, 229075), 519.0857347298229, 7713465.106247005, 8386.237505132332]
[(42.06379202336701, 56.676797891262844), (4719850.0, 5018750.0), (39812, 227608), 782.8952675805366, 6936623.591459218, 256.28586592385545]
[(30.645759893238186, 58.692314971985034), (5358950.0, 3719350.0), (52806, 233999), 719.1216865037516, 62411956.056405045, 12669.846891811118]
[(21.214867701782236, 48.251645945534435), (4630650.0, 2600050.0), (63999, 226716), 1500.0456659715396, 47762162.961861454, 0.0]
[(20.234155557142007, 49.88514362820883), (4806650.0, 2481850.0), (65181, 228476), 1420.6551305647688, 11260075.133790474, 0.0]
[(10.535540064380891, 45.93672311861671), (4555850.0, 1299850.0), (77001, 225968), 329.5147948120084, 9868719.339163642, 313653.1830790229]
[(4.854428812564372, 44.18113914000959), (4418150.0, 599950.0), (84000, 224591), 431.07423954581185, 12357826.918274108, 258464.54920873418]
[(-9.377135866028029, 46.39053500468226), (4610950.0, -1157450.0), (101574, 226519), 46.32493928760188, 165.0733257383108, 51.19622819125652]
[(-14.100913574024178, 49.073471929005976), (4826250.0, -1736750.0), (107367, 228672), 167.14664220378464, 20886381.839125738, 1865566.5873590554]
[(-20.169522694944423, 45.22816688208895), (4359050.0, -2474050.0), (114740, 224000), 110.8873302050329, 10559793.10640643, 317026.6028640531]
[(67.9436730054882, 105.31573147626965), (5684750.0, 7600050.0), (13999, 237257), 2035.0773941056887, 13744.33278249111, 0.0]
[(67.94251305039285, 107.98185216758746), (5828850.0, 7599950.0), (14000, 238698), 2717.3799881503505, 298756.00674741436, 0.0]
[(56.23143734894274, 81.39331362216974), (5646850.0, 6509550.0), (24904, 236878), 677.4370819493129, 11755764.682742273, 31447.96997109521]
[(42.80496382537005, 64.83127440353938), (5359050.0, 5100450.0), (38995, 234000), 915.923577598044, 56445597.032212645, 930.8540314971469]
[(29.626055556270465, 58.317567450127385), (5359050.0, 3600050.0), (53999, 234000), 1300.281892514081, 70706045.00561805, 0.0]
[(29.625202474835543, 59.2008801102837), (5440250.0, 3599950.0), (54000, 234812), 552.326895959268, 45148355.660102546, 1149625.0808348143]
[(19.105351344252373, 55.37624895167552), (5359050.0, 2345450.0), (66545, 234000), 395.6829538911172, 124065.28254870244, 20201.165125058964]
[(12.49504831148411, 54.268435865981935), (5359050.0, 1540250.0), (74597, 234000), 99.6393496566492, 166.13850247859955, 166.13850247859955]
[(-10.484256568971878, 56.691508610743426), (5623050.0, -1293550.0), (102935, 236640), 35.4400902933387, 111416.39167161286, 264.4649762250483]
[(-16.451844850232394, 59.60727659821749), (5821750.0, -2023450.0), (110234, 238627), 32.64965543462902, 0.0, 0.0]
[(-19.880456463906878, 57.661060708680665), (5563650.0, -2439150.0), (114391, 236046), 40.26164427839479, 1305331.5583871508, 1264085.929275415]
[(67.9436730054882, 117.80781956008136), (6359050.0, 7600050.0), (13999, 244000), 1560.9436248628583, 10160.06795414351, 0.0]
[(67.94251305039285, 120.80143779768098), (6520850.0, 7599950.0), (14000, 245618), 2199.466298900713, 426037.91469337745, 0.0]
[(54.34743728155003, 95.90267996989436), (6856950.0, 6320850.0), (26791, 248979), 909.4492839075745, 4360402.017316833, 700.5122187323868]
[(38.31365891109766, 85.1320415243158), (7339250.0, 4600050.0), (43999, 253802), 2686.797536101297, 23182883.42382299, 0.0]
[(35.26649084689231, 83.26647370205377), (7358950.0, 4253750.0), (47462, 253999), 1745.0644687231472, 261736474.57417443, 0.0]
[(24.141501273128085, 70.30429923704423), (6658350.0, 2950950.0), (60490, 246993), 250.7309314783479, 364980476.1060118, 1948153.2734520957]
[(17.17143807681576, 73.78165190925259), (7189250.0, 2110950.0), (68890, 252302), 77.93587107359485, 119202972.85602523, 12017467.365571242]
[(5.84926415050991, 73.3464772853388), (7327350.0, 722750.0), (82772, 253683), 48.46648326421054, 195566.92358391502, 103044.26506130179]
[(0.2923700846565606, 73.42653056684249), (7358950.0, 36150.0), (89638, 253999), 55.90169943749474, 343276.9537297128, 17954.511231901524]
[(67.9436730054882, 136.33382887909622), (7359050.0, 7600050.0), (13999, 254000), 1479.7043623643203, 8516.030856397003, 0.0]
[(57.146998812297845, 108.20474099893511), (7391850.0, 6600050.0), (23999, 254328), 1822.3460154427314, 489206.3073097435, 0.0]
[(53.61334450767666, 115.6119644385951), (8358950.0, 6246450.0), (27535, 263999), 926.7389060571484, 4927045.2591823265, 1328.9098792010918]
[(40.75981666653148, 91.3722834109969), (7705450.0, 4874150.0), (41258, 257464), 1764.0283444434785, 2108317.5256883055, 0.0]
[(35.81750155995645, 86.9331536469941), (7650150.0, 4316750.0), (46832, 256911), 2481.15235324234, 1478958.3011988413, 0.0]
[(29.625202474835543, 83.69194224459821), (7690850.0, 3599950.0), (54000, 257318), 385.3336216838598, 539565652.4844879, 68782.151097544]
[(15.745579078916087, 78.80031048776478), (7713250.0, 1937450.0), (70625, 257542), 127.88275880665071, 239251549.17273876, 7484634.454121916]
[(9.195054378941329, 77.22168731960357), (7677850.0, 1135050.0), (78649, 257188), 110.07270324653611, 166033962.23564467, 29061949.990196243]
[(0.3214858895057821, 73.42765165241018), (7359050.0, 39750.0), (89602, 254000), 47.20169488482379, 39277.79518348165, 12015.923719275743]
[(67.9436730054882, 172.70409037418617), (9322250.0, 7600050.0), (13999, 273632), 976.4921914690358, 18160.189378021285, 9.888054490089417]
[(57.146998812297845, 128.6296786147977), (8787150.0, 6600050.0), (23999, 268281), 1835.3901492598243, 74054.65192763787, 0.0]
[(57.14598262422334, 131.2095987008886), (8963550.0, 6599950.0), (24000, 270045), 1151.6805112530124, 3279354.2873711055, 8.91156243160367]
[(38.31365891109766, 96.96126875414137), (8359050.0, 4600050.0), (43999, 264000), 768.3703534103851, 13256270.956578063, 4387.695952962153]
[(38.31277226341666, 98.20631066996481), (8466450.0, 4599950.0), (44000, 265074), 888.0596826790415, 26909022.175621226, 40768.86747364933]
[(28.941901836349185, 97.17806757839149), (8967350.0, 3519750.0), (54802, 270083), 348.53981121243527, 315611928.4685444, 99458.80355093064]
[(20.463768099088583, 93.78987515629603), (9028750.0, 2509550.0), (64904, 270697), 322.5523213371747, 19513211.59327951, 1924796.94134421]
[(7.087286601073289, 93.82444185571232), (9358950.0, 875450.0), (81245, 273999), 159.66527487215245, 339295.04477406666, 79.73891802877188]
[(67.9436730054882, 176.53341650042654), (9528950.0, 7600050.0), (13999, 275699), 540.1185055152249, 338.64475820958614, 288.65828178822994]
[(57.146998812297845, 137.00137059681725), (9359050.0, 6600050.0), (23999, 274000), 1010.1851315476782, 105856.18788324995, 146.029566868674]
[(54.59518393390706, 132.94255093372504), (9468850.0, 6345850.0), (26541, 275098), 960.2510088513316, 8024824.750923458, 21.517003861255944]
[(46.89788375362292, 119.00657032629807), (9407450.0, 5544850.0), (34551, 274484), 386.1631779442468, 181342438.74970862, 58912.890693617286]
[(31.202187586897274, 103.05740647654592), (9375750.0, 3784250.0), (52157, 274167), 245.08161905781512, 349193926.46902883, 4058164.9742852687]
[(29.23392486603292, 101.60173656583116), (9359050.0, 3554050.0), (54459, 274000), 261.96182928052707, 166063680.55309913, 526348.2419859339]
[(12.983327609542016, 99.12015817932028), (9776550.0, 1600050.0), (73999, 278175), 257.00194551792794, 119605570.60797319, 2501068.151627017]
[(4.855238694804025, 96.45378363740951), (9645450.0, 600050.0), (83999, 276864), 239.75404063331237, 26006499.757991977, 1657100.3141221842]
[(0.48890247320105734, 102.52842157504134), (10275450.0, 60450.0), (89395, 283164), 247.19425559668656, 54065687.75962147, 1835031.3630167302]
[(-3.236135327164526, 102.59414497186347), (10272150.0, -400050.0), (94000, 283131), 140.9432509913121, 2415260.0610623388, 1929605.2883142587]
[(-12.079717470326791, 96.84096043510537), (9572450.0, -1489350.0), (104893, 276134), 34.92849839314596, 495.24711812334135, 495.24711812334135]
[(-34.54879228293978, 116.57437846149261), (10358950.0, -4171450.0), (131714, 283999), 145.60219778561037, 82240.98518207425, 30925.62692454527]
[(62.27730096225525, 174.1365007843084), (10785150.0, 7091550.0), (19084, 288261), 1085.6081245090238, 31125.05100403959, 28.78742077574134]
[(47.41413989225776, 137.0984848356019), (10771550.0, 5600050.0), (33999, 288125), 806.6944898782934, 1460038.903027915, 623.3547169649974]
[(47.41320295786448, 138.0082519850279), (10843150.0, 5599950.0), (34000, 288841), 823.6613381724311, 54740380.39734861, 552.1203666860238]
[(31.243389779124495, 120.10215284917476), (10923450.0, 3789050.0), (52109, 289644), 139.52060779684126, 337151659.9757134, 44376564.36493815]
[(29.24670272442504, 112.89963802024474), (10398950.0, 3555550.0), (54444, 284399), 109.65856099730654, 323611826.95685375, 8536267.996596593]
[(14.345633119767715, 107.09881850762059), (10525850.0, 1766650.0), (72333, 285668), 294.4163718273833, 27637554.188430745, 1703624.3958470805]
[(12.900833677085757, 107.30944424421386), (10586450.0, 1589950.0), (74100, 286274), 160.85397104206038, 59419808.175159305, 2044475.2741525676]
[(0.17348081768663132, 113.33735783098052), (11358950.0, 21450.0), (89785, 293999), 388.7235521549987, 28511726.82044528, 146240.6332784593]
[(-3.388281133248863, 105.16893135024158), (10528950.0, -418850.0), (94188, 285699), 136.12494260788506, 166477539.91584402, 1870052.9147330653]
[(-24.76435481617781, 120.30527058232244), (11358950.0, -3025250.0), (120252, 293999), 546.0036629913759, 91938.30160159722, 54.649997020489536]
[(-30.477100045524196, 123.86852373168436), (11322150.0, -3699650.0), (126996, 293631), 650.6027974117542, 2702129.7065898813, 20.045245567394886]
[(-54.558482743617226, 158.88757080574405), (11323250.0, -6342150.0), (153421, 293642), 29.966648127543394, 0.0, 0.0]
[(-55.13420734901904, 158.66660559880768), (11205650.0, -6400050.0), (154000, 292466), 8.0, 0.0, 0.0]
[(54.88425793065715, 160.20417627946634), (11359050.0, 6374950.0), (26250, 294000), 543.5678430518126, 257343.08608241007, 41.82332322001457]
[(45.864347855342956, 149.921952685797), (11993250.0, 5433750.0), (35662, 300342), 149.78985279383915, 9974692.951219266, 5334.122107956093]
[(36.98376552413411, 139.0841765844859), (12125350.0, 4449550.0), (45504, 301663), 91.76055797563569, 113233131.52461499, 6517275.72522174]
[(23.63267570952949, 121.09436532129605), (11496550.0, 2890150.0), (61098, 295375), 141.15594213493105, 25535591.498890135, 8005141.227267274]
[(12.983327609542016, 121.05493703494514), (11940050.0, 1600050.0), (73999, 299810), 132.7742444904131, 68295570.81498197, 2103451.3178004175]
[(4.855238694804025, 117.65862614896957), (11765950.0, 600050.0), (83999, 298069), 186.67619023324855, 38020313.93282767, 500956.8697552569]
[(1.951297106071444, 115.85197218360254), (11606850.0, 241250.0), (87587, 296478), 681.8482235805855, 18279969.54871624, 23990.138880933635]
[(-3.236135327164526, 121.68644478526322), (12183750.0, -400050.0), (94000, 302247), 371.57637169228076, 32258078.711502973, 1066491.3810953582]
[(-19.55601390190735, 123.33850414758932), (11915750.0, -2399950.0), (113999, 299567), 923.943721229816, 30843.63971959836, 6.1386480265064165]
[(-21.335343546673112, 125.81148247213733), (12067850.0, -2614550.0), (116145, 301088), 1955.0432220286077, 63770.05282413494, 0.0]
[(-27.925211923600592, 131.6315607279357), (12219350.0, -3400050.0), (124000, 302603), 2143.270631534898, 1726622.1307738284, 0.0]
[(-42.30837135593606, 146.0109908785241), (12129850.0, -5045750.0), (140457, 301708), 244.62420158275427, 720993.7766507055, 291043.521899502]
[(52.86728874343161, 172.9965576673206), (12646750.0, 6170350.0), (28296, 306877), 103.40696301506973, 254.78053848189302, 26.886388381477445]
[(35.03339371524829, 140.04591141791093), (12399150.0, 4227050.0), (47729, 304401), 25.238858928247925, 1333950.934590338, 1255124.4924856655]
[(26.556646151396272, 142.17710083069102), (13299450.0, 3238250.0), (57617, 313404), 41.23105625617661, 3256.6856482960284, 1086.1124525628984]
[(8.195039161200505, 125.47088492350176), (12495650.0, 1011950.0), (79880, 305366), 129.4488315899375, 27182495.34567073, 8872816.612697974]
[(-3.23532606472528, 133.17411890148537), (13333950.0, -399950.0), (93999, 313749), 328.05487345869443, 6503910.789501478, 161562.574506931]
[(-3.8512509306712945, 133.0329810645282), (13314350.0, -476050.0), (94760, 313553), 233.00214591286493, 4598780.792642313, 8715.21470714733]
[(-19.55601390190735, 132.42140177379912), (12793250.0, -2399950.0), (113999, 308342), 1195.5237346033746, 226714.75260559114, 9.339782305061817]
[(-19.55684124327735, 131.57718762388058), (12711650.0, -2400050.0), (114000, 307526), 1535.1420129746955, 45664.5118412929, 0.0]
[(-27.925211923600592, 133.13646311911793), (12359050.0, -3400050.0), (124000, 304000), 886.0711032417207, 1546228.5165040095, 0.5235531379294116]
[(-36.54828033087558, 147.86964773529732), (12937050.0, -4400050.0), (134000, 309780), 305.62885989382613, 7059807.959944259, 12582.903160044065]
[(-45.90699750303869, 167.07454048992494), (13358950.0, -5438350.0), (144383, 313999), 254.34228905158497, 3111.6582479576027, 2663.7404568510974]
[(51.38711836562028, 179.30030681513412), (13385850.0, 6017950.0), (29820, 314268), 46.09772228646444, 0.0, 0.0]
[(24.232802537207053, 141.46590951284205), (13391950.0, 2961850.0), (60381, 314329), 29.698484809834994, 0.0, 0.0]
[(16.349951654874495, 145.67698592584435), (14232650.0, 2011050.0), (69889, 322736), 55.60575509783138, 231924.00001111365, 0.0]
[(7.277921461555008, 134.39271083657783), (13402150.0, 898950.0), (81010, 314431), 39.44616584663204, 29680.02335211781, 17593.561094483826]
[(-2.647862892819737, 136.88096343886252), (13709550.0, -327350.0), (93273, 317505), 440.2646931108603, 2464462.25046107, 319114.26879397035]
[(-7.371222113912095, 142.10732436520033), (14169650.0, -910450.0), (99104, 322106), 440.06931272243924, 10660521.937856726, 47007.65497455001]
[(-16.682001624983904, 142.73337295681768), (13930250.0, -2051450.0), (110514, 319712), 604.7974867672649, 556777.1375374884, 81.84459791809786]
[(-24.897796921981055, 142.15039667330763), (13412550.0, -3041150.0), (120411, 314535), 456.4832965180654, 4465988.07884382, 226.0835684343474]
[(-27.925211923600592, 143.90884959858988), (13359050.0, -3400050.0), (124000, 314000), 204.84628383253624, 8633240.259310804, 155.9292125273496]
[(-45.551336660710135, 167.30157220250524), (13430750.0, -5399950.0), (143999, 314717), 265.64638149238925, 833276.9325427315, 3457.031556222937]
[(-45.55226177135916, 166.94081186690187), (13401650.0, -5400050.0), (144000, 314426), 279.5782538038322, 274063.4523965319, 104257.93070950502]
[(24.304855958066135, 153.9765121769217), (14571150.0, 2970450.0), (60295, 326121), 21.93171219946131, 151.81636053696275, 151.81636053696275]
[(5.499218183713139, 153.49177502562102), (15339650.0, 679550.0), (83204, 333806), 36.89173349139343, 57023.45618258533, 5690.380803035572]
[(-2.0863934929130763, 146.87553343594527), (14714250.0, -257950.0), (92579, 327552), 128.16005617976296, 241109.48309248872, 58794.65619212948]
[(-5.846832992253646, 149.98132459488474), (14983250.0, -722450.0), (97224, 330242), 251.76576415390556, 8017792.846117922, 268026.197563868]
[(-11.516271661376237, 153.44500241694965), (15186850.0, -1420250.0), (104202, 332278), 89.49301648732151, 8623.129985958338, 8623.129985958338]
[(-22.619757938727044, 150.53933484085036), (14359050.0, -2768850.0), (117688, 324000), 131.94695904036593, 230178.06313012916, 53.00631869499921]
[(-36.15230653542684, 174.99546615210213), (15358950.0, -4354950.0), (133549, 333999), 178.89102828258325, 162785.9308872294, 147043.66415666393]
[(-39.23444067491624, 176.1685218322913), (15065450.0, -4703650.0), (137036, 331064), 195.6016359849784, 4171671.200177941, 225359.2910920058]
[(9.843075001644966, 160.86588535880855), (15975550.0, 1214750.0), (77852, 340165), 52.46903848937962, 53657.25141128956, 0.0]
[(-3.1317424943392753, 154.48605749019103), (15468750.0, -387150.0), (93871, 335097), 44.9221548904324, 314.3622335217806, 0.0]
[(-7.069441491541436, 156.94576489246555), (15655650.0, -873250.0), (98732, 336966), 130.31116606031887, 1186240.8294806203, 65279.072361500934]
[(-14.94927841759892, 166.73316073541216), (16358950.0, -1840350.0), (108403, 343999), 147.50254235097103, 46917.97513629589, 23442.988285522908]
[(-21.882531907162104, 166.4564072926071), (15929150.0, -2680350.0), (116803, 339701), 120.81390648431164, 314923.23700828245, 283258.02615038585]
[(-35.86830148355368, 175.2664330102489), (15417350.0, -4322550.0), (133225, 334583), 212.08488866489287, 46364.51365848456, 41523.0687348489]
[(-38.01951432371903, 177.70952795538608), (15359050.0, -4566850.0), (135668, 334000), 148.0, 5986.190888493993, 5167.869725405037]
[(14.610110566331157, 168.99672156696903), (16597050.0, 1798950.0), (72010, 346380), 42.485291572496, 0.0, 0.0]
[(9.38851716574699, 170.0712208174898), (16903750.0, 1158850.0), (78411, 349447), 42.80186911806539, 43950.895130461286, 943.0132797034457]
[(0.8447698063029723, 172.9857915910823), (17335950.0, 104450.0), (88955, 353769), 35.805027579936315, 136140.78539598454, 107770.01228684187]
[(-10.720350658233636, 166.0169341534492), (16458850.0, -1322550.0), (103225, 344998), 71.449282711585, 23581.30794705084, 22939.80196641019]
[(-18.109749318606134, 177.73220658679622), (17262450.0, -2224850.0), (112248, 353034), 94.82615672903758, 1159106.3079748095, 799402.3094016708]
[(-20.187751442030574, 169.82763580530877), (16366650.0, -2476250.0), (114762, 344076), 60.530983801686226, 4891.100567985326, 4887.46956865862]
[(-1.4238920587979884, 174.97314493724411), (17532950.0, -176050.0), (91760, 355739), 40.0, 13808.299450225488, 5299.35622324259]
[(-9.396646753118253, 179.8532676995404), (17875750.0, -1159850.0), (101598, 359167), 42.720018726587654, 11917.000003413297, 127.45011481642723]
[(-16.847286446178064, 178.7467404098337), (17435650.0, -2071550.0), (110715, 354766), 64.1248781675256, 151573.31415261095, 103635.0779959797]
