[(-2.8234422446426137, -171.65798593949464), (-17191150.0, -349050.0), (93490, 8498), 52.172789842982326, 7.965494930744171, 7.965494930744171]
[(-4.5102617697250595, -172.1698246687505), (-17222350.0, -557450.0), (95574, 8186), 57.982756057296896, 2050.3429919239134, 0.0]
[(-13.596238618524717, -172.4374611818673), (-16981550.0, -1675050.0), (106750, 10594), 122.53978945632312, 337620.8435232812, 234806.40401296038]
[(-19.97071616921125, -174.7487627072013), (-16855350.0, -2450050.0), (114500, 11856), 54.70831746635972, 96303.37614950724, 143.79834351688623]
[(23.861887854306005, -166.23935170610847), (-15765350.0, 2917550.0), (60824, 22756), 35.84689665786984, 0.0, 0.0]
[(4.67059505877062, -160.34774282401884), (-16037550.0, 577250.0), (84227, 20034), 23.0, 4739.059442520142, 4739.059442520142]
[(1.832383377488014, -157.40064871585227), (-15770150.0, 226550.0), (87734, 22708), 93.98404119849285, 7786.46277138032, 7243.531459629536]
[(-10.440301874144843, -160.98464119877494), (-15968950.0, -1288150.0), (102881, 20720), 52.32590180780452, 880.9132931460626, 153.83368067070842]
[(-19.054113170329146, -169.83789579601074), (-16439250.0, -2339250.0), (113392, 16017), 47.4236228055175, 2111.251497057136, 1948.0000029214284]
[(-29.269704391936884, -177.90806191979362), (-16384450.0, -3558250.0), (125582, 16565), 56.568542494923804, 0.0, 0.0]
[(22.057333737179807, -159.5159987119642), (-15253350.0, 2701350.0), (62986, 27876), 115.0173899895142, 1373300.1804839915, 315198.2958312414]
[(19.634618564714735, -155.6295659377979), (-15030850.0, 2409450.0), (65905, 30101), 209.06697491473875, 305289.31760577485, 255063.03608602722]
[(-4.013150652793299, -154.9283701723632), (-15503850.0, -496050.0), (94960, 25371), 58.60034129593445, 0.0, 0.0]
[(-16.261222504016114, -151.80334350833797), (-14835350.0, -2000250.0), (110002, 32056), 39.824615503479755, 49581.58243360184, 40949.69140251726]
[(-21.922479399029704, -157.90871816154154), (-15108550.0, -2685150.0), (116851, 29324), 37.013511046643494, 11874.269546698313, 671.6404696926475]
[(-9.778007582772352, -139.10895771660597), (-13816550.0, -1206750.0), (102067, 42244), 70.40596565632774, 7276.371871844865, 2779.503745302558]
[(-14.424226859250894, -144.9349348695328), (-14241350.0, -1776250.0), (107762, 37996), 63.97655820689325, 263149.25061491417, 1664.095199111849]
[(-20.433090296647954, -143.54374356027466), (-13820050.0, -2505850.0), (115058, 42209), 40.80441152620633, 4870.287797342986, 0.0]
[(-44.05075437272842, -176.49606435072386), (-14402250.0, -5236950.0), (142369, 36387), 67.08203932499369, 634.5296001425013, 634.5296001425013]
[(51.83974474321295, -177.98735973792816), (-13204350.0, 6064750.0), (29352, 48366), 90.24965373894794, 495.4777291335631, 64.36925601959229]
[(-17.34018094134462, -138.3634997085114), (-13474450.0, -2131450.0), (111314, 45665), 51.0, 1113.120146379908, 123.66777867078781]
[(-21.872545699722092, -138.9757724480035), (-13299950.0, -2679150.0), (116791, 47410), 52.172789842982326, 3203.952747784555, 202.75056007504463]
[(57.19070452493065, -170.2749941861786), (-11623350.0, 6604350.0), (23956, 64176), 41.0, 613.2657111140434, 613.2657111140434]
[(54.76694788233607, -164.03267995269994), (-11651950.0, 6363150.0), (26368, 63890), 174.54512310574592, 7170.480765159475, 38.838195184245706]
[(-24.353458903738716, -128.33080050259588), (-12141350.0, -2976250.0), (119762, 58996), 47.01063709417264, 71.62988330889493, 0.0]
[(60.197955317988615, -163.92710097547024), (-10591050.0, 6895650.0), (21043, 74499), 302.2002647252315, 3996.972412706137, 2763.7099076956283]
[(56.639149979817745, -159.21406533709694), (-10970850.0, 6549950.0), (24500, 70701), 263.50332066218823, 3236.2563406172612, 296.7847832486751]
[(38.78593609759847, -123.35687158829094), (-10591050.0, 4653250.0), (43467, 74499), 50.96076922496363, 194877.24527604162, 166213.49913049367]
[(35.10408203619157, -119.68840659742108), (-10591050.0, 4235150.0), (47648, 74499), 184.76471524617463, 5545726.794237834, 976061.2556698051]
[(27.170781784031767, -113.89815564933393), (-10618350.0, 3310950.0), (56890, 74226), 247.67922803497268, 16128.593131024216, 12867.517769316037]
[(18.77653977401051, -110.98141810221736), (-10753350.0, 2305650.0), (66943, 72876), 82.63776376451628, 0.0, 0.0]
[(67.75024468138078, -176.73699094932334), (-9591050.0, 7583350.0), (14166, 84499), 503.4361925805494, 184.31294031068683, 22.850768404081464]
[(62.83570957603409, -156.72748158133203), (-9591050.0, 7143350.0), (18566, 84499), 976.8858684616131, 144701.65804091046, 897.9185930918902]
[(49.977829145406155, -126.056301727756), (-9591050.0, 5871150.0), (31288, 84499), 267.20029940102984, 2711825.173539176, 17388.821489457]
[(40.293241542871996, -113.23748240939275), (-9591050.0, 4822150.0), (41778, 84499), 545.6968022629416, 13222437.716352686, 4766.650080786014]
[(37.36723872683389, -116.27016420398995), (-10104350.0, 4493050.0), (45069, 79366), 665.0090224951839, 47944419.445890546, 9391.562143106377]
[(26.58449573607516, -102.54810808774755), (-9591050.0, 3241550.0), (57584, 84499), 306.8941185490527, 23236317.94458133, 104670.10723360669]
[(20.251558460329036, -103.00354240483641), (-9924150.0, 2483950.0), (65160, 81168), 97.62171889492625, 33368483.056013297, 8083524.61245612]
[(-27.078622803825738, -109.384237405652), (-10202750.0, -3300050.0), (123000, 78382), 51.0, 7836.298278328031, 7836.298278328031]
[(67.36622783555848, -158.4706708047719), (-8690150.0, 7550050.0), (14499, 93508), 920.1440104679267, 3029.53568479049, 398.95350483384755]
[(56.640161155925384, -124.67942700884667), (-8591050.0, 6550050.0), (24499, 94499), 1970.56032640465, 789369.7589146333, 0.0]
[(56.639149979817745, -128.00065783202413), (-8820050.0, 6549950.0), (24500, 92209), 1176.8640533213681, 10169690.765575971, 6.524046607577791]
[(46.945503643338746, -115.6392127651724), (-9136150.0, 5549950.0), (34500, 89048), 534.7158123713941, 13519966.435151974, 60673.92382233537]
[(33.13240511968718, -106.8226934961541), (-9590950.0, 4008250.0), (49917, 84500), 396.52112175771924, 31506822.442003306, 59621.992866600965]
[(28.520167222087142, -102.01424407258997), (-9437250.0, 3470150.0), (55298, 86037), 270.1184925176357, 19025634.296433505, 269475.61800859164]
[(18.081712779596995, -89.87779253829635), (-8730350.0, 2221450.0), (67785, 93106), 348.919761549844, 86403576.70224552, 208661.66816611687]
[(5.529195813544573, -87.06325331022127), (-8700650.0, 683250.0), (83167, 93403), 50.60632371551998, 65545.04647800326, 0.0]
[(-0.8552842324563666, -91.27846097563557), (-9147550.0, -105750.0), (91057, 88934), 196.66468925559565, 41661.93596270401, 28971.137678562663]
[(68.81605013061316, -156.31972119400976), (-8231350.0, 7674750.0), (13252, 98096), 1034.4486454145513, 8783.904040611504, 448.6627828963101]
[(67.36507795515722, -142.51004609659458), (-7815150.0, 7549950.0), (14500, 102258), 1474.1099009232655, 156636.38182214985, 0.0]
[(56.639149979817745, -124.67585233666789), (-8590950.0, 6549950.0), (24500, 94500), 803.2540071484237, 6730728.20770006, 5755.633304011368]
[(46.945503643338746, -107.48789596096373), (-8492150.0, 5549950.0), (34500, 95488), 155.4155719353759, 15941716.05614467, 18185.91973680565]
[(29.19985352724471, -90.96252101467557), (-8380750.0, 3550050.0), (54499, 96602), 227.96929617823537, 30388313.26025244, 435710.37692471995]
[(25.47584330001286, -80.68943304465147), (-7591050.0, 3109950.0), (58900, 104499), 243.92006887503126, 13520161.864697766, 428789.02733670815]
[(19.188832948562812, -87.85832915733499), (-8499850.0, 2355550.0), (66444, 95411), 225.64130827488125, 10522627.398583584, 467126.1013545627]
[(11.397278288323779, -85.19184670465316), (-8433850.0, 1405650.0), (75943, 96071), 259.53805116013336, 15932612.483125662, 3303933.4465382514]
[(-3.3631926410601647, -75.8223655437012), (-7591050.0, -415750.0), (94157, 104499), 451.43770334344026, 27679637.61774512, 19336.888616606593]
[(-3.788113263973523, -75.84404613289522), (-7591050.0, -468250.0), (94682, 104499), 541.8874421870283, 11898392.051117254, 1908.814542254433]
[(-11.838302928459594, -76.75354725733334), (-7591050.0, -1459750.0), (104597, 104499), 109.22453936730518, 12235073.802745786, 12235073.802745793]
[(67.36622783555848, -120.96172990290772), (-6633250.0, 7550050.0), (14499, 114077), 2045.0850838045835, 9789.465759264036, 0.0]
[(67.36507795515722, -120.18845950812968), (-6591050.0, 7549950.0), (14500, 114499), 3344.7621739071374, 45049.60189137581, 0.0]
[(46.946437523608495, -86.12074656592334), (-6803950.0, 5550050.0), (34499, 112370), 1082.863795682541, 2192249.057262155, 120.50559580198023]
[(45.1033201542883, -82.34707619715253), (-6643650.0, 5351450.0), (36485, 113973), 734.4004357297182, 69730392.63813087, 69647.63850766173]
[(30.69458066906468, -82.26869185053009), (-7509250.0, 3725050.0), (52749, 105317), 148.66068747318505, 41381162.42919066, 2155118.646243605]
[(26.309487742892177, -80.64131296390514), (-7553350.0, 3208950.0), (57910, 104876), 230.67292862405853, 15303463.821374023, 6752599.081165372]
[(19.15659556925584, -71.14806910999008), (-6884050.0, 2351650.0), (66483, 111569), 135.8712625980932, 30217756.23652087, 8634789.033606995]
[(4.4503427331820795, -66.85727556823014), (-6688150.0, 550050.0), (84499, 113528), 526.4598750142312, 64723043.287058175, 16993.05686111003]
[(-0.9830758728622745, -68.2746287140227), (-6842050.0, -121550.0), (91215, 111989), 812.473384179445, 4517134.070032905, 1104.7216754061983]
[(-10.936153394213397, -71.94020339468074), (-7128950.0, -1349050.0), (103490, 109120), 826.0750571225353, 5089879.656103123, 2817.146421507001]
[(-11.759208547840212, -70.69757631512307), (-6993350.0, -1450050.0), (104500, 110476), 603.2453895389503, 13002217.538553696, 1675.1199435540475]
[(-21.518206527703267, -69.10949724346054), (-6623850.0, -2636550.0), (116365, 114171), 337.00445100918176, 915569.4320009546, 33955.6942633728]
[(-28.94615648546152, -71.42821981461388), (-6591050.0, -3520250.0), (125202, 114499), 56.60388679233962, 3513.6085385791957, 2573.857802372426]
[(67.36622783555848, -120.19036124125724), (-6590950.0, 7550050.0), (14499, 114500), 1907.3659848073205, 2798.2284804451556, 0.0]
[(67.36507795515722, -119.5830541697284), (-6557850.0, 7549950.0), (14500, 114831), 4484.588386909104, 10375.983689131099, 0.0]
[(53.769830385701965, -86.3731766426586), (-6230250.0, 6262350.0), (27376, 118107), 2199.3483125689754, 445411.4520960498, 0.0]
[(46.945503643338746, -77.4786459437303), (-6121250.0, 5549950.0), (34500, 119197), 846.3486279305946, 79253580.57122518, 29049.870371137193]
[(37.338121969574125, -75.8233071955555), (-6590950.0, 4489750.0), (45102, 114500), 69.20260110718382, 88418.68091077183, 25612.680902544518]
[(16.11173201665005, -61.676924874631396), (-6030350.0, 1982050.0), (70179, 120106), 62.07253821135398, 5057212.291961944, 467828.0360734092]
[(4.4503427331820795, -63.319557391515104), (-6334250.0, 550050.0), (84499, 117067), 946.0089851581749, 9826528.509995038, 112.72094328701496]
[(1.1335165530557043, -57.412557359001724), (-5753350.0, 140150.0), (88598, 122876), 930.773871571393, 4532565.225169966, 669.972719669342]
[(-5.423061393394112, -58.534246397973206), (-5850250.0, -670150.0), (96701, 121907), 823.4615959472549, 2745669.6592646986, 7183.8064130519815]
[(-19.195446041603493, -61.391291438940286), (-5939150.0, -2356350.0), (113563, 121018), 775.1264412984503, 9641671.661854884, 888.1782367900014]
[(-23.664455109338192, -69.4336191870048), (-6590950.0, -2893950.0), (118939, 114500), 513.2562712719641, 7600972.784051765, 12739.029505468905]
[(-30.507056902861816, -62.59254761994), (-5720150.0, -3703150.0), (127031, 123208), 365.60361048545457, 23566312.724389378, 219722.43807737972]
[(-46.01460289332944, -74.14245205480478), (-5921050.0, -5449950.0), (144499, 121199), 315.48375552474965, 5113388.032658625, 31163.70404753741]
[(-48.53543653790565, -73.25680378303683), (-5677450.0, -5719250.0), (147192, 123635), 402.1989557420556, 32697.007008408662, 5796.0121768042445]
[(67.36622783555848, -89.6638567589194), (-4916950.0, 7550050.0), (14499, 131240), 1146.0767862582331, 6162.601442506316, 0.0]
[(67.36507795515722, -101.95153544381817), (-5590950.0, 7549950.0), (14500, 124500), 3333.0520547990245, 13623.951564595103, 0.0]
[(53.283353942866604, -72.60904239053748), (-5275650.0, 6212850.0), (27871, 127653), 2753.081182965733, 1044805.4127201344, 0.0]
[(46.55753021164072, -69.23961245690828), (-5495150.0, 5508350.0), (34916, 125458), 332.5838240203513, 2114752.748395758, 50271.59614703864]
[(4.4503427331820795, -53.378159463447574), (-5339750.0, 550050.0), (84499, 127012), 429.7731959999367, 911864.7726916964, 64573.943329595495]
[(-0.007683295128611026, -55.28435227449845), (-5540750.0, -950.0), (90009, 125002), 1241.4483476971566, 8444925.052250782, 0.0]
[(-9.037387793246772, -52.73485996252568), (-5244650.0, -1115650.0), (101156, 127963), 775.1670787643138, 5735586.9431992555, 2263.904331868237]
[(-17.551810618090748, -57.45236107731441), (-5590950.0, -2157150.0), (111571, 124500), 371.61404709725383, 16594875.06088778, 1045.5577156877844]
[(-28.348595942187384, -57.05631637546945), (-5283550.0, -3449950.0), (124499, 127574), 171.1198410471445, 37847533.70706155, 100078.93907928886]
[(-32.674296480534316, -52.84626498769642), (-4760050.0, -3955250.0), (129552, 132809), 191.2066944434739, 37782336.1493311, 370499.3641944735]
[(-42.970520994456116, -66.55822044149608), (-5492550.0, -5118650.0), (141186, 125484), 186.6815470259447, 2930654.489058566, 9071.399322028738]
[(-50.9986741308677, -74.49168794603426), (-5590950.0, -5977650.0), (149776, 124500), 315.02539580167183, 838257.5965836535, 683.310088628903]
[(-55.63383171346014, -67.45999266953677), (-4726250.0, -6450050.0), (154500, 133147), 110.98198051936178, 61.73701088223606, 41.994415150024]
[(67.36622783555848, -68.48677811176351), (-3755650.0, 7550050.0), (14499, 142853), 1769.565483388507, 6048.492414510491, 0.0]
[(56.640161155925384, -63.70717371125586), (-4389750.0, 6550050.0), (24499, 136512), 1766.7880461447548, 16296.051546040922, 0.0]
[(52.441971807404364, -62.414872212699585), (-4590950.0, 6126750.0), (28732, 134500), 2100.7260649594464, 526683.1724560555, 0.0]
[(46.945503643338746, -53.38922646893225), (-4218050.0, 5549950.0), (34500, 138229), 85.70297544426332, 9665.685408002872, 3170.7372900985065]
[(-2.9779928306041548, -44.55346295677165), (-4461550.0, -368150.0), (93681, 135794), 143.22360140703069, 5019127.670604647, 2702276.8668531883]
[(-8.92849951659651, -43.52647918265218), (-4329650.0, -1102250.0), (101022, 137113), 304.8032152061392, 28442446.00594996, 211204.993154165]
[(-13.956911619480577, -44.91358390340437), (-4418850.0, -1719150.0), (107191, 136221), 207.21245136332902, 25891114.85489882, 172236.48103360416]
[(-24.372734448429494, -48.3563293583721), (-4574550.0, -2978550.0), (119785, 134664), 126.8897158953396, 71703954.4292805, 936919.9410469923]
[(-28.585595962233914, -49.646149910223805), (-4590950.0, -3477850.0), (124778, 134500), 57.62811813689564, 930737.3538695658, 918931.9668848753]
[(-51.932797590416314, -59.329883990137006), (-4395750.0, -6074350.0), (150743, 136452), 213.56497840235883, 3871.8514147532987, 3858.8451393876458]
[(67.36622783555848, -47.24952176759945), (-2591050.0, 7550050.0), (14499, 154499), 1562.9680099093518, 16092.202356515147, 0.0]
[(65.47884034509362, -45.00937400494215), (-2591050.0, 7383650.0), (16163, 154499), 2540.5168765430394, 37938.72304469923, 0.0]
[(39.71171044603047, -31.101760942235362), (-2648350.0, 4757150.0), (42428, 153926), 44.28317965096906, 5049.370704549918, 5049.370704549918]
[(-5.4368341558061495, -35.511260113815325), (-3549150.0, -671850.0), (96718, 144918), 44.598206241955516, 14339100.382020406, 2026666.665984269]
[(-20.51683792094426, -29.31837712287103), (-2821750.0, -2515950.0), (115159, 152192), 43.139309220245984, 0.0, 0.0]
[(75.57619242762998, -38.463931434733155), (-1591050.0, 8215950.0), (7840, 164499), 5790.515348395167, 1725.9024183268145, 0.0]
[(67.36507795515722, -47.24623378104985), (-2590950.0, 7549950.0), (14500, 154500), 2904.7950013727304, 3112.8362902657536, 0.0]
[(38.48219594052742, -28.422593628738962), (-2446750.0, 4619050.0), (43809, 155942), 57.3149195236284, 81265.45110785727, 36810.238453450394]
[(37.8053867704901, -25.27050175389771), (-2188050.0, 4542650.0), (44573, 158529), 42.95346318982906, 131619.17669956145, 131619.17669956145]
[(21.682026362713838, -16.61175691215053), (-1591050.0, 2656250.0), (63437, 164499), 259.20841035738016, 346599.9078699332, 232082.40996318776]
[(20.798889367184398, -16.55023916021148), (-1591050.0, 2549950.0), (64500, 164499), 165.6804152578089, 13783578.502569659, 11.529802836477757]
[(12.290207463429459, -16.25780497321959), (-1606250.0, 1515150.0), (74848, 164347), 66.73080248281148, 448322.8296313295, 436409.6423663432]
[(80.34302672896499, -49.821758776645815), (-1590950.0, 8549950.0), (4500, 164500), 6122.206873342325, 369.44464033842087, 0.0]
[(65.15049751977301, -16.349399538013607), (-948750.0, 7354250.0), (16457, 170922), 329.1959902550455, 390338.00004948955, 31164.412793489173]
[(53.60547663109039, -10.122347067441204), (-731950.0, 6245650.0), (27543, 173090), 44.64302857109943, 1600455.469246004, 503277.718364786]
[(38.06024276718326, -7.049368651824353), (-609050.0, 4571450.0), (44285, 174319), 53.150729063673246, 11366686.29059594, 387209.6703369542]
[(29.551847684490838, -7.489426166655602), (-688550.0, 3591350.0), (54086, 173524), 305.88396492787916, 23107907.819995053, 180987.04565749527]
[(25.575090296898964, -13.206016313228316), (-1241750.0, 3121750.0), (58782, 167992), 886.4423275092407, 3271460.6974031525, 1395.7829630738124]
[(20.09164536135101, -9.965373682801877), (-960750.0, 2464650.0), (65353, 170802), 877.0188139373066, 27659261.61979999, 141.49397872481495]
[(5.394706084761028, -8.517873580840192), (-851350.0, 666650.0), (83333, 171896), 198.65799757371965, 53092710.08436845, 770346.2534866026]
[(4.379090092223639, -7.76022838244621), (-776350.0, 541250.0), (84587, 172646), 26.68332812825267, 128267.0617891103, 128267.0617891103]
[(-7.949046141205294, -14.31783815800311), (-1426450.0, -981650.0), (99816, 166145), 46.400431032480725, 978.5509084053338, 978.5509084053338]
[(-40.310268163235435, -9.951563353616892), (-842750.0, -4824050.0), (138240, 171982), 66.46803743153546, 353.535736951977, 0.0]
[(79.52506508223715, 11.583179974537636), (389950.0, 8495950.0), (5040, 184309), 179.79988876526036, 47.72521245479584, 0.0]
[(60.85599766013914, 6.412320957161814), (408950.0, 6958150.0), (20418, 184499), 140.41723540933285, 2365729.992711868, 573895.089725459]
[(52.7129843564168, 5.581540539802466), (408950.0, 6154550.0), (28454, 184499), 125.7179382586272, 126472638.50665706, 8732906.955333808]
[(38.04430453794919, -5.184032690214635), (-447950.0, 4569650.0), (44303, 175930), 69.20260110718382, 53916860.179807894, 673610.4487835952]
[(30.420619449711218, -1.1794939114567267), (-107850.0, 3693050.0), (53069, 179331), 699.5462815282489, 56150342.15211217, 40438.713791858405]
[(20.799719225129966, -3.8805114548160393), (-373050.0, 2550050.0), (64499, 176679), 1217.8690405786658, 699618.3535424578, 2553.313896268606]
[(20.798889367184398, -6.14711280709404), (-590950.0, 2549950.0), (64500, 174500), 2064.4449617270016, 27053634.491248783, 0.0]
[(8.863497531384798, -3.5197131859562654), (-350150.0, 1094250.0), (79057, 176908), 334.24841061701403, 142600156.23146963, 865357.280310072]
[(-15.906457950475687, -5.683528601157157), (-556050.0, -1957050.0), (109570, 174849), 31.144823004794873, 3562.9133486757055, 3562.9133486757055]
[(78.58867048490902, 18.068209082445954), (642950.0, 8432350.0), (5676, 186839), 416.51530584121394, 343865.9813197404, 2751.2962443232536]
[(67.36507795515722, 16.99784898164983), (932150.0, 7549950.0), (14500, 189731), 482.55362396318196, 14556253.748690138, 15775.870346562937]
[(46.946437523608495, 11.703723324272081), (924650.0, 5550050.0), (34499, 189656), 64.40496875241847, 146943096.46888217, 1923358.549387218]
[(46.152934358591565, 10.57444903015284), (843150.0, 5464850.0), (35351, 188841), 95.75489543621255, 70818393.5901816, 7251802.643207]
[(29.19985352724471, 4.4397242753993424), (409050.0, 3550050.0), (54499, 184500), 1147.7874367669303, 38823010.36019925, 0.2762543857097626]
[(29.199001798715557, 4.817409719212358), (443850.0, 3549950.0), (54500, 184848), 990.1767518983669, 863397.3005222282, 2.0207391381263733]
[(17.57652059746276, 14.479531899174715), (1408950.0, 2160150.0), (68398, 194499), 1329.0466507989854, 44417064.57737001, 0.0]
[(5.8233320040922845, 12.864933297061521), (1285250.0, 719550.0), (82804, 193262), 368.0869462504749, 223665513.52787894, 283530.2843989413]
[(0.3311911647152087, 14.058329725432712), (1408950.0, 40950.0), (89590, 194499), 461.93722517242537, 21367192.438199993, 18410.33015955612]
[(-3.6407988530861632, 13.011758074968888), (1302450.0, -450050.0), (94500, 193434), 168.00297616411441, 22688654.807115454, 254558.87925178237]
[(-19.6933747790988, 13.284618509912004), (1282750.0, -2416550.0), (114165, 193237), 399.1014908516379, 6312873.779327274, 9376.656308648642]
[(-20.751590335844554, 13.780611835600391), (1325050.0, -2544250.0), (115442, 193660), 415.40582566930857, 210134.89248036608, 2762.6301550681237]
[(67.36622783555848, 36.246121047980175), (1987650.0, 7550050.0), (14499, 200286), 1027.4847930748172, 655482.7802508036, 1139.1891380464658]
[(67.36507795515722, 38.52438518594916), (2112650.0, 7549950.0), (14500, 201536), 794.4419424980028, 17395970.129843947, 807.9258128525689]
[(54.84248920884846, 33.95270147672448), (2408950.0, 6370750.0), (26292, 204499), 147.33974345029924, 71133620.50476517, 303359.66941955616]
[(44.90513346062914, 29.40417795415451), (2377450.0, 5329950.0), (36700, 204184), 132.90974381135493, 63235193.181669354, 913981.3464023615]
[(30.13925595579944, 26.29838167105724), (2408950.0, 3660150.0), (53398, 204499), 1033.878135952202, 4774983.943750667, 12.207810155116022]
[(20.799719225129966, 23.198291438032406), (2230150.0, 2550050.0), (64499, 202711), 1725.7940201542015, 286581.2669577459, 0.0]
[(20.798889367184398, 25.058105417800473), (2408950.0, 2549950.0), (64500, 204499), 1326.4885977647905, 11395872.408753559, 0.0]
[(5.726900840257449, 24.110271364876468), (2408950.0, 707650.0), (82923, 204499), 667.0719601362359, 25348634.142277937, 25272.327416099608]
[(2.3905793185868256, 14.60682328682144), (1463150.0, 295550.0), (87044, 195041), 443.9909908995902, 18005951.436219696, 58796.243903947994]
[(-10.459837000000254, 20.759310717628882), (2059150.0, -1290550.0), (102905, 201001), 386.15670394284234, 63050186.24082642, 543343.0101521835]
[(-13.737701788212178, 18.067825302620612), (1778650.0, -1692350.0), (106923, 198196), 625.0887936925442, 14173129.8758179, 19392.97569492366]
[(-22.89503821342585, 23.388968263084266), (2228150.0, -2801850.0), (118018, 202691), 625.6932155617479, 3192333.179272825, 10713.03878384782]
[(-28.349445045774374, 17.20752882230971), (1593450.0, -3450050.0), (124500, 196344), 165.05150711217394, 11988213.812297422, 25681.0309490172]
[(67.8173587847774, 62.93387835019946), (3408950.0, 7589150.0), (14108, 214499), 1005.9155034097049, 34553.02188216243, 9.102473124861717]
[(67.36507795515722, 49.96691078374486), (2740150.0, 7549950.0), (14500, 207811), 934.2141082214505, 6880992.685081232, 596.6791148260236]
[(49.64028187567334, 43.32648094589019), (3311050.0, 5835750.0), (31642, 213520), 152.55490814785344, 61671131.113221645, 376162.57453333936]
[(43.91429891562771, 40.39524738862496), (3301050.0, 5222050.0), (37779, 213420), 229.61271741782946, 59923842.25246754, 1581891.0040160485]
[(29.19985352724471, 26.14721370407233), (2409050.0, 3550050.0), (54499, 204500), 1758.912448076936, 168842319.68543333, 0.0]
[(27.28496366061112, 25.85722714569612), (2409050.0, 3324450.0), (56755, 204500), 1542.0901400372159, 37399303.399644315, 0.0]
[(17.820395095741805, 24.77819188080355), (2409050.0, 2189750.0), (68102, 204500), 1056.8604449027316, 31212201.879353937, 5767.182188034058]
[(7.088097748697201, 26.593119532689546), (2652650.0, 875550.0), (81244, 206936), 772.4901293867773, 20463490.896320444, 1160.4147701635957]
[(-0.9733701159631517, 33.10770495825043), (3317850.0, -120350.0), (91203, 213588), 780.6977648232381, 129078073.29944101, 834308.9810617962]
[(-3.9993887052906785, 31.44182323999789), (3146450.0, -494350.0), (94943, 211874), 361.4318746319976, 62532674.56235027, 1374588.970873287]
[(-19.21693929377103, 26.301309893486575), (2544250.0, -2358950.0), (113589, 205852), 462.9643614793692, 55963442.97958468, 75663.71210619155]
[(-20.94829188816221, 26.024874246398635), (2500350.0, -2567950.0), (115679, 205413), 177.49647883831386, 53696575.79235409, 130028.78065739851]
[(-28.349445045774374, 31.796861050456446), (2944450.0, -3450050.0), (124500, 209854), 79.64923100695951, 17719275.849393006, 1267328.0482946092]
[(-46.89881732615822, 37.76836000864242), (2985550.0, -5544950.0), (145449, 210265), 104.12012293500234, 0.0, 0.0]
[(73.86642799847803, 99.2625241671866), (4408950.0, 8085850.0), (9141, 224499), 2091.6237711404983, 109626.66327990172, 0.0]
[(65.95949501184006, 62.92813474137346), (3579550.0, 7426450.0), (15735, 216205), 891.652398639739, 8223963.683966485, 7830.08234112896]
[(47.53224313604283, 49.42650368985063), (3877850.0, 5612650.0), (33873, 219188), 427.39794103388004, 23460657.763025325, 1059.833406663267]
[(42.2802720511928, 53.05714087175107), (4408950.0, 5042650.0), (39573, 224499), 407.18546143004664, 42084624.825848036, 5265.1945790792815]
[(29.19985352724471, 45.89343146286471), (4228350.0, 3550050.0), (54499, 222693), 626.9202501116071, 78046840.9054741, 348.5737214386463]
[(28.662090664967085, 39.54330192779951), (3655050.0, 3486850.0), (55131, 216960), 631.0887417788405, 20650821.63167388, 1005.9266658271663]
[(20.798889367184398, 35.46123177091791), (3409050.0, 2549950.0), (64500, 214500), 522.7245928785062, 61860139.2869737, 32098.413750112057]
[(6.576369598610528, 34.15355503377266), (3409050.0, 812450.0), (81875, 214500), 544.8605326136221, 138586622.45396388, 37988.28098460287]
[(-2.720682628933979, 38.771160470738835), (3883050.0, -336350.0), (93363, 219240), 391.8328725362383, 78040692.37195413, 792011.8498317741]
[(-11.6075672923854, 34.45131817656835), (3409050.0, -1431450.0), (104314, 214500), 502.09959171463186, 44063317.06366167, 724713.3695673821]
[(-11.759208547840212, 35.81558312511655), (3542850.0, -1450050.0), (104500, 215838), 334.33665668005955, 32663756.361945204, 78259.86863710266]
[(-24.27050297223393, 43.90417855215783), (4155450.0, -2966350.0), (119663, 221964), 135.80132547217644, 5645647.198800314, 794537.9607312763]
[(73.55016521226912, 98.0536072181901), (4409050.0, 8061250.0), (9387, 224500), 2263.0333625468274, 96036.82669975096, 0.0]
[(67.36507795515722, 93.53968355813983), (5129650.0, 7549950.0), (14500, 231706), 1660.7239385280143, 2759574.9858833, 0.0]
[(46.946437523608495, 58.0831998881587), (4588850.0, 5550050.0), (34499, 226298), 550.0581787411219, 6697067.415822994, 39458.20764419995]
[(42.83315142430557, 65.45364831250741), (5408950.0, 5103550.0), (38964, 234499), 883.3668547098652, 8870888.45579445, 619.3241215506569]
[(30.107632287021293, 59.03746877142053), (5408950.0, 3656450.0), (53435, 234499), 790.7117047318827, 65326366.937206745, 5223.412844200619]
[(20.799719225129966, 47.4778834141378), (4564250.0, 2550050.0), (64499, 226052), 1507.111475638083, 34983112.75507063, 0.0]
[(20.798889367184398, 49.833794196777696), (4790750.0, 2549950.0), (64500, 228317), 2118.3097035136293, 8387892.368997984, 0.0]
[(4.608241582378881, 44.08046712705675), (4409050.0, 569550.0), (84304, 224500), 429.4706043491219, 6689322.925826784, 117006.4477439262]
[(3.5914263270969338, 44.045886281466714), (4409050.0, 443950.0), (85560, 224500), 303.5671260199299, 10929260.441539835, 451072.67608039826]
[(-9.377135866028029, 46.39053500468226), (4610950.0, -1157450.0), (101574, 226519), 46.32493928760188, 226.6360110193491, 51.19622819125652]
[(-14.100913574024178, 49.073471929005976), (4826250.0, -1736750.0), (107367, 228672), 167.14664220378464, 22078955.34189672, 1865566.5873590554]
[(-22.74235672964813, 47.141437203388165), (4494050.0, -2783550.0), (117835, 225350), 75.66372975210778, 8067222.116731801, 2853101.500050191]
[(67.36622783555848, 104.30709636424633), (5719950.0, 7550050.0), (14499, 237609), 2407.327356218925, 12915.083426228724, 0.0]
[(67.36507795515722, 98.63457065299899), (5409050.0, 7549950.0), (14500, 234500), 2505.5189083301684, 430185.38281130185, 0.0]
[(56.639149979817745, 81.8640836273668), (5640950.0, 6549950.0), (24500, 236819), 921.369089995969, 11655745.144515045, 1168.2124899630435]
[(43.22737263998558, 65.71905096875942), (5409050.0, 5146850.0), (38531, 234500), 732.9508851212338, 59604860.96107113, 66767.95222443785]
[(30.04952308955788, 59.017002328269335), (5409050.0, 3649650.0), (53503, 234500), 843.5223767037837, 84610542.16808178, 8171.052330371924]
[(28.392752741428353, 63.38571546339808), (5868150.0, 3455150.0), (55448, 239091), 436.47909457384094, 53039913.47172157, 94942.82104599662]
[(19.366595160782634, 56.8716327462783), (5498350.0, 2377050.0), (66229, 235393), 321.155725466634, 110781.37307150254, 77905.85007467447]
[(-10.484256568971878, 56.691508610743426), (5623050.0, -1293550.0), (102935, 236640), 35.4400902933387, 111354.82898633182, 264.4649762250483]
[(-19.880456463906878, 57.661060708680665), (5563650.0, -2439150.0), (114391, 236046), 40.26164427839479, 41074.60592135787, 0.0]
[(-20.374228605391025, 57.78428804124675), (5564650.0, -2498750.0), (114987, 236056), 31.11269837220809, 1264085.9292754151, 1264085.929275415]
[(67.36622783555848, 123.24665882264304), (6758550.0, 7550050.0), (14499, 247995), 1805.750813373761, 26206.947307866067, 0.0]
[(67.36507795515722, 119.01229552238017), (6526550.0, 7549950.0), (14500, 245675), 1805.8086831112537, 526325.9879884729, 0.0]
[(54.34743728155003, 95.90267996989436), (6856950.0, 6320850.0), (26791, 248979), 909.4492839075745, 4294735.479868691, 700.5122187323868]
[(39.48585803643279, 84.78935057068449), (7234650.0, 4731850.0), (42681, 252756), 1710.4677722775136, 23535994.630957257, 0.0]
[(35.08837152821654, 83.71775018739172), (7408950.0, 4233350.0), (47666, 254499), 2125.9374402836975, 272032218.4979034, 0.0]
[(24.141501273128085, 70.30429923704423), (6658350.0, 2950950.0), (60490, 246993), 250.7309314783479, 370101334.7455884, 1948153.2734520957]
[(17.17143807681576, 73.78165190925259), (7189250.0, 2110950.0), (68890, 252302), 77.93587107359485, 118149900.51795772, 12017467.365571242]
[(5.84926415050991, 73.3464772853388), (7327350.0, 722750.0), (82772, 253683), 48.46648326421054, 397345.9730887166, 103044.26506130179]
[(0.2883262252252393, 73.40755644825481), (7357050.0, 35650.0), (89643, 253980), 45.39823785126467, 380395.4633628944, 29970.434951177267]
[(67.36622783555848, 147.44903441939263), (8085750.0, 7550050.0), (14499, 261267), 1008.7873908807544, 13557.320216435939, 541.6856526937336]
[(67.36507795515722, 151.31212913413398), (8297850.0, 7549950.0), (14500, 263388), 1575.741095484915, 487671.32400090573, 0.0]
[(55.01065514588531, 118.83370546142913), (8408950.0, 6387650.0), (26123, 264499), 1032.6896920178879, 5413971.512789389, 81.44811590295285]
[(40.75981666653148, 91.3722834109969), (7705450.0, 4874150.0), (41258, 257464), 1764.0283444434785, 2357964.742594109, 0.0]
[(35.86129386979537, 87.12565460641741), (7664450.0, 4321750.0), (46782, 257054), 2516.299068075971, 3008155.9169481266, 0.0]
[(27.89808259061485, 90.5703494523054), (8408950.0, 3396850.0), (56031, 264499), 342.94751785076386, 571391822.0824822, 245731.32025101065]
[(15.745579078916087, 78.80031048776478), (7713250.0, 1937450.0), (70625, 257542), 127.88275880665071, 223204995.42572722, 7484634.454121916]
[(9.195054378941329, 77.22168731960357), (7677850.0, 1135050.0), (78649, 257188), 110.07270324653611, 144599211.3356997, 29061949.990196243]
[(67.36622783555848, 155.8319699692915), (8545450.0, 7550050.0), (14499, 265864), 1093.1102414669804, 19351.448060790077, 35.274018689990044]
[(57.771857924337176, 129.88161952488952), (8776750.0, 6661350.0), (23386, 268177), 1306.3096876315356, 141609.52817302523, 0.0]
[(54.66564448090416, 118.1927089092557), (8409050.0, 6352950.0), (26470, 264500), 1000.8101718108185, 2909152.2904414884, 13.695190206170082]
[(37.87083898269494, 97.17270617342923), (8409050.0, 4550050.0), (44499, 264500), 945.6854656808467, 16227286.118318612, 3735.712066575885]
[(35.14074432244524, 95.83084561441318), (8477550.0, 4239350.0), (47606, 265185), 568.0748190159462, 29120048.810592834, 20891.20805194415]
[(28.941901836349185, 97.17806757839149), (8967350.0, 3519750.0), (54802, 270083), 348.53981121243527, 283747933.34358835, 75912.46850942995]
[(20.668623181983037, 93.69314118525816), (9011950.0, 2534250.0), (64657, 270529), 341.32096331752024, 28155040.21634395, 1067863.3352136426]
[(7.090531194849601, 93.75968615774988), (9352450.0, 875850.0), (81241, 273934), 123.22743201089601, 316499.2278327942, 8040.020308312029]
[(67.36622783555848, 173.3455033652516), (9505850.0, 7550050.0), (14499, 275468), 795.6594749011665, 317.2507937029004, 75.4712289199233]
[(65.75471364920575, 167.5695025451352), (9580850.0, 7408250.0), (15917, 276218), 870.175269701455, 109521.68933427194, 76.49802626203746]
[(54.5555075015179, 132.02145690130766), (9409050.0, 6341850.0), (26581, 274500), 1013.9176495159752, 13439134.690344986, 5.531879618298262]
[(46.945503643338746, 119.37818634275506), (9431550.0, 5549950.0), (34500, 274725), 453.35747484738795, 198545764.82465562, 19737.250043318607]
[(32.71402152375458, 104.48859746469084), (9409050.0, 3959850.0), (50401, 274500), 189.66285877841239, 376181715.7525569, 1018296.0090679937]
[(20.799719225129966, 98.93925928671763), (9511450.0, 2550050.0), (64499, 275524), 177.0790783802536, 164349820.36872935, 516859.24655731954]
[(12.57504280039904, 99.23900897081757), (9798050.0, 1550050.0), (74499, 278390), 255.16269319788896, 100346666.25112551, 701751.7669727996]
[(4.555607162706553, 102.23758545319428), (10226550.0, 563050.0), (84369, 282675), 243.9446658568291, 30246805.709366567, 677599.3768671011]
[(0.48890247320105734, 102.52842157504134), (10275450.0, 60450.0), (89395, 283164), 247.19425559668656, 61556164.12412179, 2248993.369204063]
[(-4.3418454306492755, 103.369758111472), (10341650.0, -536650.0), (95366, 283826), 138.03260484392808, 2346143.3584204, 1795860.1495855516]
[(-12.079717470326791, 96.84096043510537), (9572450.0, -1489350.0), (104893, 276134), 34.92849839314596, 495.24711812334135, 495.24711812334135]
[(-34.611486150995844, 116.8363669830996), (10377350.0, -4178650.0), (131786, 284183), 124.61942063739504, 192763.9836360113, 26965.87712433294]
[(62.27730096225525, 174.1365007843084), (10785150.0, 7091550.0), (19084, 288261), 1085.6081245090238, 19672.47817700077, 28.78742077574134]
[(56.639149979817745, 158.24608399034767), (10904150.0, 6549950.0), (24500, 289451), 789.3826701923472, 1562131.9514411436, 216.2916096439585]
[(46.945503643338746, 137.49081731608206), (10862550.0, 5549950.0), (34500, 289035), 838.0, 51075698.31859414, 1893.7072687787004]
[(31.243389779124495, 120.10215284917476), (10923450.0, 3789050.0), (52109, 289644), 139.52060779684126, 328356529.73107624, 44376564.36493815]
[(29.199001798715557, 116.21424345388857), (10707350.0, 3549950.0), (54500, 287483), 146.66969693839283, 298741965.71710175, 9566978.710557546]
[(14.345633119767715, 107.09881850762059), (10525850.0, 1766650.0), (72333, 285668), 294.4163718273833, 25514857.942147132, 1703624.3958470805]
[(12.317135225227245, 108.61407431351027), (10730250.0, 1518450.0), (74815, 287712), 136.7040599250805, 51819941.54353422, 3860848.9746543155]
[(0.35302804741142035, 113.8372590034618), (11408950.0, 43650.0), (89563, 294499), 424.8588000736245, 21379477.580845684, 80094.12919592112]
[(-4.920840398706683, 105.73510230805472), (10572950.0, -608150.0), (96081, 286139), 128.09761902549164, 166887598.67612386, 7252076.147785887]
[(-24.797920017760838, 120.85510047676189), (11408950.0, -3029250.0), (120292, 294499), 980.6324489838178, 111505.08206155308, 27.589748872094788]
[(-29.535644112932335, 124.08390962650839), (11408950.0, -3589450.0), (125894, 294499), 777.0624170554127, 2589490.7319743177, 24.674357598880306]
[(-54.55451577180826, 158.88759576157776), (11323950.0, -6341750.0), (153417, 293649), 29.966648127543394, 0.0, 0.0]
[(54.07060857788711, 158.8930777621846), (11409050.0, 6292850.0), (27071, 294500), 417.02997494184996, 257313.68632334517, 6613.105387549847]
[(45.864347855342956, 149.921952685797), (11993250.0, 5433750.0), (35662, 300342), 149.78985279383915, 12515599.586244013, 5334.122107956093]
[(36.98376552413411, 139.0841765844859), (12125350.0, 4449550.0), (45504, 301663), 91.76055797563569, 107681639.38356738, 6517275.72522174]
[(23.63267570952949, 121.09436532129605), (11496550.0, 2890150.0), (61098, 295375), 141.15594213493105, 25371110.651839778, 7866992.027609632]
[(15.447752829917887, 120.15606883996085), (11771850.0, 1901150.0), (70988, 298128), 122.18837915284743, 69812146.38431141, 15294689.692629421]
[(4.8519991680795345, 116.8812856970222), (11688250.0, 599650.0), (84003, 297292), 176.30938715791623, 43012549.93411532, 562427.9418851417]
[(1.951297106071444, 115.85197218360254), (11606850.0, 241250.0), (87587, 296478), 681.8482235805855, 20894396.29184383, 23990.138880933635]
[(-3.6407988530861632, 121.36365314157227), (12148250.0, -450050.0), (94500, 301892), 163.19313711060278, 27087612.7616052, 997275.004084101]
[(-19.96988800917934, 122.33622906863823), (11799950.0, -2449950.0), (114499, 298409), 972.0889876960854, 32908.95577765281, 25.89362612820696]
[(-19.97071616921125, 125.17630002416695), (12073850.0, -2450050.0), (114500, 301148), 2253.1156206462197, 47273.09301590768, 0.0]
[(-28.349445045774374, 131.84663546003), (12209250.0, -3450050.0), (124500, 302502), 1694.6580776073974, 1792231.3088442415, 0.0]
[(-42.30837135593606, 146.0109908785241), (12129850.0, -5045750.0), (140457, 301708), 244.62420158275427, 745015.1517782601, 291043.521899502]
[(-52.582275565861806, 169.04318194314246), (12408950.0, -6141150.0), (151411, 304499), 37.48332962798263, 0.0, 0.0]
[(52.86728874343161, 172.9965576673206), (12646750.0, 6170350.0), (28296, 306877), 103.40696301506973, 254.78053848189302, 26.886388381477445]
[(35.108446268445476, 140.23812696636406), (12409050.0, 4235650.0), (47643, 304500), 27.51363298439521, 38687.540982357925, 24666.7872705271]
[(26.556646151396272, 142.17710083069102), (13299450.0, 3238250.0), (57617, 313404), 41.23105625617661, 3256.6856482960284, 1086.1124525628984]
[(8.195039161200505, 125.47088492350176), (12495650.0, 1011950.0), (79880, 305366), 129.4488315899375, 21226511.27695521, 8013960.35564637]
[(-1.1666785972716407, 133.36252257038413), (13364250.0, -144250.0), (91442, 314052), 278.0017985553331, 7108063.466491673, 107828.70595123433]
[(-3.8512509306712945, 133.0329810645282), (13314350.0, -476050.0), (94760, 313553), 233.00214591286493, 3150233.035312571, 72522.90625289828]
[(-19.96988800917934, 131.73542357993932), (12706550.0, -2449950.0), (114499, 307475), 1452.195579114604, 230393.4515991643, 0.0]
[(-25.230382358296644, 136.98949350512595), (12903850.0, -3080750.0), (120807, 309448), 1526.0461985143177, 41320.948418103246, 0.0]
[(-29.173451187860678, 139.855804578534), (12887550.0, -3546950.0), (125469, 309285), 767.9648429453005, 2031104.2692731316, 24.28674769512145]
[(-46.01460289332944, 167.09208456978368), (13344050.0, -5449950.0), (144499, 313850), 315.03968004046726, 6807299.295311447, 276.0194993207115]
[(-46.01553086366005, 166.76827607625225), (13318050.0, -5450050.0), (144500, 313590), 278.21754078418564, 76588.02248553761, 76588.02248553761]
[(16.349951654874495, 145.67698592584435), (14232650.0, 2011050.0), (69889, 322736), 55.60575509783138, 231924.00001111365, 0.0]
[(7.574887200701396, 134.51797538086117), (13409050.0, 935550.0), (80644, 314500), 55.31726674375732, 25111.4641107907, 12200.963621722534]
[(-2.647862892819737, 136.88096343886252), (13709550.0, -327350.0), (93273, 317505), 440.2646931108603, 3311237.070890583, 326293.0459192358]
[(-7.371222113912095, 142.10732436520033), (14169650.0, -910450.0), (99104, 322106), 440.06931272243924, 10653448.656558096, 47007.65497455001]
[(-16.682001624983904, 142.73337295681768), (13930250.0, -2051450.0), (110514, 319712), 604.7974867672649, 568157.9826370708, 81.84459791809786]
[(-24.893599796597048, 142.11030630519363), (13409050.0, -3040650.0), (120406, 314500), 483.801612233775, 5283107.420295813, 191.7663978160126]
[(-30.852241388469356, 149.35326300540302), (13618650.0, -3743450.0), (127434, 316596), 172.67889274604468, 7707876.255321592, 41868.942846033664]
[(-45.57169040231816, 167.18143189941154), (13418050.0, -5402150.0), (144021, 314590), 221.29844102478444, 997339.3553306225, 11150.442388732918]
[(-46.411375343974065, 169.34853452607044), (13462950.0, -5492650.0), (144926, 315039), 64.53681120105021, 38651.69712110728, 37312.83553504289]
[(24.30401803833067, 153.9748249334551), (14571050.0, 2970350.0), (60296, 326120), 21.93171219946131, 151.81636053696275, 151.81636053696275]
[(5.499218183713139, 153.49177502562102), (15339650.0, 679550.0), (83204, 333806), 36.89173349139343, 58054.763055945165, 7545.72590782959]
[(-2.0863934929130763, 146.87553343594527), (14714250.0, -257950.0), (92579, 327552), 128.16005617976296, 268032.8418367952, 58794.65619212948]
[(-5.846832992253646, 149.98132459488474), (14983250.0, -722450.0), (97224, 330242), 251.76576415390556, 6947826.5715727145, 268026.197563868]
[(-19.914405058413244, 158.3880102246855), (15280650.0, -2443250.0), (114432, 333216), 40.24922359499622, 0.0, 0.0]
[(-25.330393266782902, 153.12792002996565), (14416650.0, -3092650.0), (120926, 324576), 52.354560450833695, 172.45475122597418, 160.69271307054441]
[(-35.87530933039313, 175.18060704274737), (15408950.0, -4323350.0), (133233, 334499), 185.27007313648906, 1911685.7665932518, 159445.80092831084]
[(-39.23444067491624, 176.1685218322913), (15065450.0, -4703650.0), (137036, 331064), 195.6016359849784, 2467535.4027319737, 225359.2910920058]
[(9.843075001644966, 160.86588535880855), (15975550.0, 1214750.0), (77852, 340165), 52.46903848937962, 51806.212080814264, 0.0]
[(-3.1317424943392753, 154.48605749019103), (15468750.0, -387150.0), (93871, 335097), 44.9221548904324, 1054.4580101355823, 740.0957766138017]
[(-7.069441491541436, 156.94576489246555), (15655650.0, -873250.0), (98732, 336966), 130.31116606031887, 1184535.4170268497, 65279.072361500934]
[(-14.937805654922213, 166.67873298809332), (16354150.0, -1838950.0), (108389, 343951), 98.08159868191383, 299073.6181548359, 80279.1623388892]
[(-21.882531907162104, 166.4564072926071), (15929150.0, -2680350.0), (116803, 339701), 120.81390648431164, 313238.3570382823, 283258.02615038585]
[(-35.95591634564082, 175.2931513042281), (15409050.0, -4332550.0), (133325, 334500), 299.015049788468, 1880.027591345599, 25.71227664500475]
[(-37.79654354757397, 177.9508248958239), (15409050.0, -4541650.0), (135416, 334500), 129.38701635017324, 3303.5874462170486, 3303.5874462170486]
[(14.610110566331157, 168.99672156696903), (16597050.0, 1798950.0), (72010, 346380), 42.485291572496, 0.0, 0.0]
[(9.38851716574699, 170.0712208174898), (16903750.0, 1158850.0), (78411, 349447), 42.80186911806539, 44351.16201709723, 943.0132797034457]
[(0.18642112866851934, 173.59737321061306), (17398350.0, 23050.0), (89769, 354393), 37.656340767525464, 137634.1095026583, 2486.938641813642]
[(-10.720350658233636, 166.0169341534492), (16458850.0, -1322550.0), (103225, 344998), 71.449282711585, 25384.919742480968, 22939.80196641019]
[(-18.109749318606134, 177.73220658679622), (17262450.0, -2224850.0), (112248, 353034), 94.82615672903758, 933090.9869776858, 804898.3861313876]
[(-22.392184539573165, 172.0875422072037), (16431150.0, -2741550.0), (117415, 344721), 23.600847442411894, 0.0, 0.0]
[(-1.4238920587979884, 174.97414290475638), (17533050.0, -176050.0), (91760, 355740), 40.0, 11910.40268259705, 5330.92763151438]
[(-9.396646753118253, 179.8532676995404), (17875750.0, -1159850.0), (101598, 359167), 42.720018726587654, 11917.000003413297, 127.45011481642723]
[(-16.847286446178064, 178.7467404098337), (17435650.0, -2071550.0), (110715, 354766), 64.1248781675256, 127539.40851776535, 96055.94738059258]
