[(-4.5102617697250595, -172.1698246687505), (-17222350.0, -557450.0), (95574, 8186), 57.982756057296896, 7.965494930744171, 0.0]
[(-13.606050046812008, -172.53834449828707), (-16991050.0, -1676250.0), (106762, 10499), 77.80102827083971, 32175.156279978575, 15237.504925948102]
[(-16.85304362373248, -179.93523423482213), (-17551250.0, -2072250.0), (110722, 4897), 56.85068161420758, 16808.000562457106, 10249.318891226925]
[(27.781964224877814, -175.83606752473779), (-16336250.0, 3383150.0), (56168, 17047), 33.24154027718932, 0.0, 0.0]
[(4.67059505877062, -160.34774282401884), (-16037550.0, 577250.0), (84227, 20034), 23.0, 4739.059442520142, 4739.059442520142]
[(-13.606050046812008, -172.4743701370593), (-16984750.0, -1676250.0), (106762, 10562), 130.26895255585654, 275133.8267543819, 217280.3816857771]
[(-19.736412712367454, -175.07492032181852), (-16902250.0, -2421750.0), (114217, 11387), 52.32590180780452, 114489.71534257835, 4289.067218622193]
[(-29.268852443400775, -177.90822631311448), (-16384550.0, -3558150.0), (125581, 16564), 56.568542494923804, 0.0, 0.0]
[(25.00106330228775, -167.99799762865862), (-15843150.0, 3053450.0), (59465, 21978), 22.02271554554524, 0.0, 0.0]
[(19.634618564714735, -155.6295659377979), (-15030850.0, 2409450.0), (65905, 30101), 209.06697491473875, 1541784.988925479, 118258.52692173966]
[(1.832383377488014, -157.40064871585227), (-15770150.0, 226550.0), (87734, 22708), 93.98404119849285, 7786.46277138032, 7243.531459629536]
[(-4.013150652793299, -154.9283701723632), (-15503850.0, -496050.0), (94960, 25371), 58.60034129593445, 0.0, 0.0]
[(-10.440301874144843, -160.98464119877494), (-15968950.0, -1288150.0), (102881, 20720), 52.32590180780452, 278.5816514720209, 117.24298093095422]
[(-21.922479399029704, -157.90871816154154), (-15108550.0, -2685150.0), (116851, 29324), 37.013511046643494, 16390.12978888722, 671.6404696926475]
[(19.801805727343616, -155.31694358882805), (-14990950.0, 2429650.0), (65703, 30500), 95.2732911156112, 136804.50916428756, 136804.50916428756]
[(-7.9782700450422785, -140.6687038917026), (-14013850.0, -985250.0), (99852, 40271), 55.21775076911409, 0.0, 0.0]
[(-14.424226859250894, -144.9349348695328), (-14241350.0, -1776250.0), (107762, 37996), 63.97655820689325, 36242.43386535812, 1664.095199111849]
[(-17.64489159074847, -149.49961446897328), (-14543850.0, -2168450.0), (111684, 34971), 60.30754513325841, 274643.05344952643, 247720.03387741465]
[(-44.05075437272842, -176.49606435072386), (-14402250.0, -5236950.0), (142369, 36387), 67.08203932499369, 634.5296001425013, 634.5296001425013]
[(51.83683798256647, -177.9895314787564), (-13205050.0, 6064450.0), (29355, 48359), 90.24965373894794, 417.3791733898688, 64.36925601959229]
[(-9.778007582772352, -139.10895771660597), (-13816550.0, -1206750.0), (102067, 42244), 70.40596565632774, 8116.678617613536, 2779.503745302558]
[(-19.855617785028738, -144.98661794787586), (-13990950.0, -2436150.0), (114361, 40500), 54.0, 2912.834086309551, 12.502809688448906]
[(-27.645563967075606, -144.32343271484245), (-13418950.0, -3367050.0), (123670, 46220), 37.69615364994153, 356.83633682876825, 356.83633682876825]
[(53.79445452071111, -166.70073127243379), (-12019950.0, 6264850.0), (27351, 60210), 149.64624953536256, 4828.71705487743, 4727.573022981174]
[(-21.524857736603888, -135.4908412672982), (-12985850.0, -2637350.0), (116373, 50551), 47.43416490252569, 2570.1205081790686, 0.0]
[(-25.05396859750125, -130.1219886636511), (-12267950.0, -3059750.0), (120597, 57730), 23.769728648009426, 71.62988330889493, 71.62988330889493]
[(56.25863589371202, -159.1619573613988), (-11037250.0, 6512250.0), (24877, 70037), 263.0684321616716, 6064.039965405014, 238.60644404793737]
[(18.349779424226305, -114.72454923732585), (-11133250.0, 2253950.0), (67460, 69077), 46.0, 0.0, 0.0]
[(-24.681295745507043, -124.78453832491331), (-11786750.0, -3015350.0), (120153, 62542), 32.202484376209235, 0.0, 0.0]
[(61.5615806305647, -163.20945969903687), (-10260850.0, 7024650.0), (19753, 77801), 616.7503546816978, 28232.96898197094, 13651.490051510858]
[(60.769385426123655, -158.39085153413194), (-10118950.0, 6949950.0), (20500, 79220), 979.3977741449079, 33618.52328269138, 573.16219036353]
[(41.443048363211304, -119.24957174310683), (-9991050.0, 4950050.0), (40499, 80499), 314.94126436527813, 1355097.2973682717, 10030.947931018323]
[(37.36723872683389, -116.27016420398995), (-10104350.0, 4493050.0), (45069, 79366), 665.0090224951839, 51371501.67834526, 10790.695784960568]
[(32.62767123712957, -113.54865268790117), (-10231050.0, 3949850.0), (50501, 78099), 488.00102458908833, 11384163.424487762, 31936.00417268573]
[(24.13312625280642, -110.86782781117351), (-10500450.0, 2949950.0), (60500, 75405), 105.72133181151285, 5326537.9616771275, 317960.4530024578]
[(-27.078622803825738, -109.384237405652), (-10202750.0, -3300050.0), (123000, 78382), 51.0, 7836.298278328031, 7836.298278328031]
[(60.77044116292149, -155.1508336296474), (-9911750.0, 6950050.0), (20499, 81292), 842.0385976901534, 549411.3861880662, 203.34054551615907]
[(56.88515770090874, -131.02667809300354), (-8991050.0, 6574250.0), (24257, 90499), 769.7512585244665, 333360.87316304387, 710.5845595084977]
[(42.1072470103847, -117.11378142208234), (-9748650.0, 5023550.0), (39764, 82923), 468.12391521903686, 19178300.466751758, 2374.977121132937]
[(40.28786504891458, -113.39948998389444), (-9605250.0, 4821550.0), (41784, 84357), 490.1101916916236, 8281606.955948661, 19828.941454932792]
[(32.62853458421684, -106.08226219922071), (-9558250.0, 3949950.0), (50500, 84827), 314.0780157858872, 24046828.40735878, 892628.4126652352]
[(16.87689550064523, -94.35591172629746), (-9202950.0, 2075150.0), (69248, 88380), 232.64780248263682, 95090859.50052424, 1318350.227669735]
[(15.848174749682718, -93.2251856746823), (-9122350.0, 1949950.0), (70500, 89186), 59.464274989274024, 4311520.807858447, 963159.5648279411]
[(-0.3950843223538595, -91.51399408904926), (-9171650.0, -48850.0), (90488, 88693), 163.00306745579974, 20.564132321625948, 20.564132321625948]
[(-0.8552842324563666, -91.27846097563557), (-9147550.0, -105750.0), (91057, 88934), 196.66468925559565, 29482.634285916574, 28953.433658431284]
[(-26.468050893588824, -105.36432898270407), (-9860650.0, -3227750.0), (122277, 81803), 24.758836806279895, 0.0, 0.0]
[(69.2242488155976, -153.5871599010716), (-7991050.0, 7709350.0), (12906, 100499), 1042.1151567845081, 166842.3678332806, 0.0]
[(60.769385426123655, -128.66913644580657), (-8220150.0, 6949950.0), (20500, 98208), 1050.442287800715, 5028321.898628107, 41.532663045451045]
[(41.443048363211304, -107.31273860742228), (-8990950.0, 4950050.0), (40499, 90500), 304.42076144704714, 2982819.755688691, 14080.398156636016]
[(41.019653974943395, -106.87837308644262), (-8990950.0, 4903050.0), (40969, 90500), 181.1767093199344, 29320926.312100742, 219708.53643117423]
[(29.47766042834681, -91.08845240785747), (-8378150.0, 3582650.0), (54173, 96628), 198.00252523642217, 22245653.99584459, 1096996.8075971294]
[(18.081712779596995, -89.87779253829635), (-8730350.0, 2221450.0), (67785, 93106), 348.919761549844, 8897258.289348545, 208661.66816611687]
[(11.397278288323779, -85.19184670465316), (-8433850.0, 1405650.0), (75943, 96071), 259.53805116013336, 48708694.663286895, 3303933.4465382514]
[(7.488872805576556, -81.79744960249126), (-8154750.0, 924950.0), (80750, 98862), 102.1077861869505, 267898.68694512034, 7972.0520502449945]
[(-6.175076648618993, -80.75165135259958), (-8064150.0, -762950.0), (97629, 99768), 154.63828762631846, 9080968.663552433, 168138.24097888265]
[(66.52740570151083, -124.69454718652577), (-6991050.0, 7476650.0), (15233, 110499), 2016.1143320754406, 47791.972840015034, 0.0]
[(57.03730912261278, -106.76097702062518), (-7306950.0, 6589250.0), (24107, 107340), 1152.9180369826815, 1127514.3850815375, 64.96468329802155]
[(42.99236509550842, -87.04960911371357), (-7181950.0, 5121050.0), (38789, 108590), 574.0601013831217, 32479439.56521186, 3077639.949359611]
[(33.25702766674177, -81.63211289054848), (-7322750.0, 4022650.0), (49773, 107182), 119.9208072020865, 59257350.57115901, 1639032.3827505806]
[(26.309487742892177, -80.64131296390514), (-7553350.0, 3208950.0), (57910, 104876), 230.67292862405853, 27716096.984703906, 7150598.109711932]
[(22.316358293945502, -81.74181048197234), (-7807450.0, 2732450.0), (62675, 102335), 171.30382365843442, 23467315.07225579, 3389888.992052275]
[(9.354373695025437, -72.08127209745254), (-7164750.0, 1154650.0), (78453, 108762), 196.7587355112855, 25986671.98444962, 1173886.0825348194]
[(-0.40398085221228797, -73.26243093550413), (-7342450.0, -49950.0), (90499, 106985), 928.2461957907503, 45227821.41612427, 626.5030041728169]
[(-0.404789627837782, -71.36164020597154), (-7151950.0, -50050.0), (90500, 108890), 701.0884394996112, 15476178.077563193, 3231.3740774169564]
[(-11.474703304996117, -70.62978454785016), (-6991050.0, -1415150.0), (104151, 110499), 942.4165745571329, 22629273.261829115, 690.4435721226037]
[(-16.907328875089494, -71.68491568930983), (-6991050.0, -2078850.0), (110788, 110499), 129.5569372901351, 49895.729038791265, 49895.729038791265]
[(-26.3137037800423, -80.08261907191185), (-7500850.0, -3209450.0), (122094, 105401), 26.076809620810597, 26.01190724223852, 26.01190724223852]
[(-33.74317955989542, -80.80400873494555), (-7223150.0, -4078750.0), (130787, 108178), 51.62363799656123, 939.75073620677, 33.61924934387207]
[(65.77718861020048, -113.77609575971812), (-6501550.0, 7410250.0), (15897, 115394), 3059.531009811798, 4206.849819362376, 0.0]
[(53.769830385701965, -86.3731766426586), (-6230250.0, 6262350.0), (27376, 118107), 2199.3483125689754, 69307.53472422536, 0.0]
[(47.69456152463868, -86.8521969306046), (-6800850.0, 5629950.0), (33700, 112401), 984.6222625961694, 34776055.13029534, 1881.6109461510496]
[(35.69230563353435, -75.90298259480998), (-6686050.0, 4302450.0), (46975, 113549), 101.9803902718557, 63691555.341332346, 355049.38899230293]
[(19.15659556925584, -71.14806910999008), (-6884050.0, 2351650.0), (66483, 111569), 135.8712625980932, 18975663.536235295, 8634789.033606995]
[(8.004247519761075, -61.25778817744664), (-6102450.0, 988450.0), (80115, 119385), 362.28303852098844, 25555314.544540048, 125719.38030090579]
[(4.624437087973603, -62.93906131137551), (-6295250.0, 571550.0), (84284, 117457), 696.2707806593638, 1586310.7421223773, 3769.194863155688]
[(-8.503627790673328, -60.28091213874671), (-6000450.0, -1049950.0), (100499, 120405), 932.1856038364892, 3831979.3087371755, 167.1702740363013]
[(-14.086184512799672, -60.91476807421966), (-5991050.0, -1734950.0), (107349, 120499), 580.0422398412032, 9379858.450783022, 9882.001073578052]
[(-24.971675211009867, -69.36259368454378), (-6542250.0, -3049950.0), (120499, 114987), 543.2531638195952, 13231882.13320512, 2332.3020123103634]
[(-24.97251483374509, -68.9536385516272), (-6503650.0, -3050050.0), (120500, 115373), 515.139786854015, 12183955.620565154, 357.4466048395261]
[(-36.43494213240962, -68.96636514530164), (-6039350.0, -4387150.0), (133871, 120016), 266.54267950930483, 12392343.735713812, 11145.364068108844]
[(-44.64373129195355, -73.88664538028604), (-5991050.0, -5301550.0), (143015, 120499), 271.01291482141585, 194431.56179620465, 2327.1827095500194]
[(72.14530306596417, -113.76363339244439), (-5386350.0, 7950050.0), (10499, 126546), 647.6495966184184, 0.0, 0.0]
[(65.66376147423533, -95.37344753475031), (-5465350.0, 7400150.0), (15998, 125756), 1848.5467264854303, 14294.57888615509, 0.0]
[(53.283353942866604, -72.60904239053748), (-5275650.0, 6212850.0), (27871, 127653), 2753.081182965733, 19110.116688540176, 0.0]
[(49.62885477652179, -70.0483182534072), (-5353950.0, 5834550.0), (31654, 126870), 814.9822083947599, 21492767.801211476, 12377.975749533158]
[(41.2978977499871, -70.25697687616903), (-5894550.0, 4933950.0), (40660, 121464), 42.04759208325728, 33541.939440587696, 33541.939440587696]
[(32.32224293157866, -64.80269613923625), (-5851250.0, 3914450.0), (50855, 121897), 19.697715603592208, 62806.0000082273, 62806.0000082273]
[(16.165937860204295, -61.13292661188761), (-5976150.0, 1988650.0), (70113, 120648), 24.73863375370596, 18060.954197158804, 18060.954197158804]
[(8.306282738832493, -60.16657224893648), (-5990950.0, 1025650.0), (79743, 120500), 231.2098613813866, 486425.75866833515, 20235.241656586528]
[(-0.40398085221228797, -58.99898412656391), (-5912950.0, -49950.0), (90499, 121280), 1009.8752398192561, 2868304.8339377334, 66.27621131390333]
[(-0.404789627837782, -59.7772661151106), (-5990950.0, -50050.0), (90500, 120500), 1004.2838244241515, 3193934.619208936, 7.311433302471414]
[(-8.5044399899774, -52.604782513887976), (-5236350.0, -1050050.0), (100500, 128046), 805.2949770115296, 4289629.10885711, 1386.459929715842]
[(-19.15659556925584, -61.91769737792363), (-5990950.0, -2351650.0), (113516, 120500), 894.9061403298114, 6999743.290792893, 63.50943791028112]
[(-30.507056902861816, -62.59254761994), (-5720150.0, -3703150.0), (127031, 123208), 365.60361048545457, 22760098.01632997, 219722.43807737972]
[(-41.57026754399603, -67.45667609505098), (-5644750.0, -4964150.0), (139641, 123962), 271.0903908293321, 22760860.781096134, 16978.983713877387]
[(-48.53543653790565, -73.25680378303683), (-5677450.0, -5719250.0), (147192, 123635), 402.1989557420556, 1383670.1534496392, 5898.165919614956]
[(-52.949406043442515, -72.19541221785542), (-5271450.0, -6178750.0), (151787, 127695), 270.8228203087768, 157552.32341498812, 1959.5636666649953]
[(72.14530306596417, -99.50080575779054), (-4711050.0, 7950050.0), (10499, 133299), 544.3399672998484, 282.34200292356206, 0.0]
[(65.1037103925185, -68.6983149492175), (-3991050.0, 7350050.0), (16499, 140499), 1674.7241563911355, 22067.24452352617, 0.0]
[(50.73333330633, -61.89781831259015), (-4662450.0, 5950050.0), (30499, 133785), 2103.8754715999708, 51953.81409295724, 0.0]
[(50.732372936043724, -61.74434708177155), (-4650950.0, 5949950.0), (30500, 133900), 567.1983779948599, 732700.6450750687, 3009.544581026412]
[(0.05135676475138324, -49.642930780631715), (-4975350.0, 6350.0), (89936, 130656), 129.31357237351384, 11947.722094177734, 11717.719075955916]
[(-4.954857070107233, -46.3324210730672), (-4632850.0, -612350.0), (96123, 134081), 208.0, 21461545.359543264, 419167.5308994793]
[(-11.191122430732085, -50.39212363888738), (-4990950.0, -1380350.0), (103803, 130500), 393.97461847179954, 15321135.544969257, 36160.17433230358]
[(-24.372734448429494, -48.3563293583721), (-4574550.0, -2978550.0), (119785, 134664), 126.8897158953396, 92229713.18330774, 1257413.3927449856]
[(-32.674296480534316, -52.84626498769642), (-4760050.0, -3955250.0), (129552, 132809), 191.2066944434739, 23239782.8184269, 346320.63292714476]
[(-33.82821063847256, -53.70137707045708), (-4797450.0, -4088550.0), (130885, 132435), 81.68843247363729, 3114682.2727056015, 106203.53556354594]
[(-51.69642665539009, -59.9796486886462), (-4458650.0, -6049950.0), (150499, 135823), 290.6217472936256, 2910.4926310610026, 44.11821185867302]
[(-54.731183160083376, -66.46090865571128), (-4723650.0, -6359550.0), (153595, 133173), 220.32702966272657, 179468.28422564844, 6373.575097271241]
[(72.14530306596417, -82.06353270111914), (-3885450.0, 7950050.0), (10499, 141555), 655.9908535947739, 3307.1098643005485, 1096.0359943537042]
[(69.87041104593413, -73.6091439728609), (-3755750.0, 7763650.0), (12363, 142852), 1735.5852039009783, 28551.446526410014, 0.0]
[(60.769385426123655, -48.031687820876726), (-3068550.0, 6949950.0), (20500, 149724), 116.91449867317569, 0.0, 0.0]
[(-4.513500690276797, -39.897171570848364), (-3990950.0, -557850.0), (95578, 140500), 63.953107821277925, 24003801.988758788, 630225.8537226996]
[(-9.634063185670858, -38.676618700685594), (-3842450.0, -1189050.0), (101890, 141985), 170.57842770995398, 18986142.695965182, 708874.2646850419]
[(-21.998224904745065, -41.37016816989843), (-3956950.0, -2694250.0), (116942, 140840), 63.56886030125127, 5869542.376192686, 893503.2962216971]
[(72.14530306596417, -42.05242553232271), (-1991050.0, 7950050.0), (10499, 160499), 4874.629934671964, 3296.2417216628187, 0.0]
[(72.14405692959815, -42.05058449578444), (-1991050.0, 7949950.0), (10500, 160499), 4968.2625735764, 23904.54339593598, 0.0]
[(60.769385426123655, -44.38143294485109), (-2835350.0, 6949950.0), (20500, 152056), 649.5729366283666, 4821.829360278527, 1491.9741811258718]
[(38.48219594052742, -28.422593628738962), (-2446750.0, 4619050.0), (43809, 155942), 57.3149195236284, 217933.99851196876, 36810.238453450394]
[(16.83330500754068, -22.92145807545729), (-2235950.0, 2069850.0), (69301, 158050), 53.85164807134504, 259521.6378791919, 65586.6149157947]
[(15.324732006844993, -23.1692354629797), (-2270750.0, 1886150.0), (71138, 157702), 41.593268686170845, 379318.3620428415, 327483.4837288568]
[(-20.51683792094426, -29.31837712287103), (-2821750.0, -2515950.0), (115159, 152192), 43.139309220245984, 0.0, 0.0]
[(72.14530306596417, -39.86009396342434), (-1887250.0, 7950050.0), (10499, 161537), 6444.801005461689, 0.5094810753164232, 0.0]
[(72.14405692959815, -42.04847251544764), (-1990950.0, 7949950.0), (10500, 160500), 4025.5843054145566, 372673.47247650474, 0.0]
[(32.803859295402276, -17.17429893688162), (-1545550.0, 3970250.0), (50297, 164954), 48.010415536631214, 258135.872280921, 258135.872280921]
[(25.575090296898964, -13.206016313228316), (-1241750.0, 3121750.0), (58782, 167992), 886.4423275092407, 2702927.813948805, 1395.7829630738124]
[(21.89917617755476, -13.797343958477244), (-1320250.0, 2682350.0), (63176, 167207), 707.1081953986957, 5963645.623539664, 2992.273404261912]
[(7.692559064858273, -10.197633070529136), (-1016350.0, 950050.0), (80499, 170246), 107.56393447619885, 48662855.62434462, 1451196.3939997964]
[(7.691747492185304, -10.870873719524976), (-1083450.0, 949950.0), (80500, 169575), 100.31948963187563, 4561301.519210161, 959996.1074829679]
[(-7.949046141205294, -14.31783815800311), (-1426450.0, -981650.0), (99816, 166145), 46.400431032480725, 978.5509084053338, 978.5509084053338]
[(-37.11944033757955, -12.268226000794597), (-1068350.0, -4464950.0), (134649, 169726), 65.94694837519019, 353.535736951977, 353.535736951977]
[(78.90072666044968, -28.351637161287975), (-990950.0, 8453750.0), (5462, 170500), 1865.8322539821204, 0.0, 0.0]
[(65.15049751977301, -16.349399538013607), (-948750.0, 7354250.0), (16457, 170922), 329.1959902550455, 72849.97068716845, 6832.55358222127]
[(58.36054817853559, -6.354891626789224), (-424950.0, 6718750.0), (22812, 176160), 69.63476143421474, 65984049.9005929, 42372.53301439398]
[(42.1969080738847, -2.993375572723872), (-248950.0, 5033450.0), (39665, 177920), 60.21627686929839, 24407004.87242147, 1281343.817900406]
[(32.62939793444709, -1.8640047034759788), (-167950.0, 3950050.0), (50499, 178730), 479.9802079252852, 67924907.33926104, 64599.350351218134]
[(28.138945863315183, -4.997546339530294), (-463350.0, 3425250.0), (55747, 175776), 983.0005086468674, 13901442.950747883, 3280.2734445892274]
[(19.801805727343616, -2.0550475961059207), (-198350.0, 2429650.0), (65703, 178426), 1639.261114038883, 2239623.5669119116, 0.0]
[(8.863497531384798, -3.5197131859562654), (-350150.0, 1094250.0), (79057, 176908), 334.24841061701403, 69515007.62762263, 865357.280310072]
[(5.394706084761028, -8.517873580840192), (-851350.0, 666650.0), (83333, 171896), 198.65799757371965, 57345465.15531963, 770346.2534866026]
[(-15.906457950475687, -5.683528601157157), (-556050.0, -1957050.0), (109570, 174849), 31.144823004794873, 3562.9133486757055, 3562.9133486757055]
[(-40.31116434563504, -9.950465144084218), (-842650.0, -4824150.0), (138241, 171983), 66.46803743153546, 0.0, 0.0]
[(78.58867048490902, 18.068209082445954), (642950.0, 8432350.0), (5676, 186839), 416.51530584121394, 3493.525086209178, 2751.2962443232536]
[(67.2042883937294, 16.879245691633), (929650.0, 7535950.0), (14640, 189706), 413.9975845340163, 1756758.1854989824, 22312.86471884651]
[(59.06778732766547, 13.630470401387644), (899750.0, 6787250.0), (22127, 189407), 210.95260131128984, 92910425.3310342, 931463.7547081877]
[(46.152934358591565, 10.57444903015284), (843150.0, 5464850.0), (35351, 188841), 95.75489543621255, 137368848.64210925, 7353709.997805269]
[(32.62939793444709, 7.247920640696564), (653050.0, 3950050.0), (50499, 186940), 364.04670030093666, 61216017.0601496, 586822.9708112013]
[(25.243827382619607, 6.487457087476105), (611050.0, 3082350.0), (59176, 186520), 857.3284084876693, 1506381.4004437302, 430.42396728508174]
[(22.268037658113986, 2.1568236436489268), (206050.0, 2726650.0), (62733, 182470), 872.7685833025843, 1878907.5725440253, 804.854402971454]
[(15.848174749682718, 10.001241780958617), (978650.0, 1949950.0), (70500, 190196), 695.2589445666988, 155464952.46255517, 27770.633529283106]
[(0.7695515290163629, 10.067635357259514), (1008950.0, 95150.0), (89048, 190499), 225.30423875284725, 155131326.47187403, 1191606.6784358607]
[(-2.323429809098665, 10.072183851155616), (1008950.0, -287250.0), (92872, 190499), 236.23081932719955, 143423.5805315096, 16486.32122103125]
[(80.62710795881232, 60.79083190315074), (1903850.0, 8568350.0), (4316, 199448), 167.19150696132863, 0.0, 0.0]
[(67.49053127429015, 36.75788589024649), (2008950.0, 7560850.0), (14391, 200499), 946.1950116122997, 5001759.455474563, 4284.17942888476]
[(60.769385426123655, 31.445881360170212), (2008950.0, 6949950.0), (20500, 200499), 417.90549170835266, 57834391.22062096, 6090877.936255658]
[(43.08250264942029, 19.51578861016158), (1608650.0, 5130950.0), (38690, 196496), 93.13431161500041, 92058585.45650178, 1771716.912934246]
[(32.688976697748835, 11.846533874801336), (1066950.0, 3956950.0), (50430, 191079), 87.28115489611719, 26629776.957113788, 829346.3914629121]
[(24.133963745458086, 18.74068729780558), (1774950.0, 2950050.0), (60499, 198159), 1361.036737197053, 3898255.8225257415, 0.9825845062732697]
[(24.13312625280642, 18.873646901215018), (1787550.0, 2949950.0), (60500, 198285), 1207.663860517487, 688188.1309683616, 0.0]
[(15.848174749682718, 20.530316942580914), (2008950.0, 1949950.0), (70500, 200499), 1179.754635506892, 56403134.99945469, 19.440971612930298]
[(2.3905793185868256, 14.60682328682144), (1463150.0, 295550.0), (87044, 195041), 443.9909908995902, 29590404.89618144, 84869.30877999775]
[(-1.4198477420932232, 11.099881658380886), (1112250.0, -175550.0), (91755, 191532), 319.2647803939545, 40600200.09710408, 148276.62060073274]
[(-13.737701788212178, 18.067825302620612), (1778650.0, -1692350.0), (106923, 198196), 625.0887936925442, 35888465.80607413, 19392.97569492366]
[(-16.67049128720671, 19.735155952642252), (1926150.0, -2050050.0), (110500, 199671), 509.136523930468, 4308184.126100917, 2071.1938809119165]
[(-24.97251483374509, 15.326152577138174), (1445550.0, -3050050.0), (120500, 194865), 480.80349416367596, 1388727.1212162897, 483.7135844870936]
[(-33.49434224057699, 20.61429322431452), (1846050.0, -4050050.0), (130500, 198870), 68.6804193347711, 7431066.906679456, 310851.6126481922]
[(75.10574336290067, 58.871900260357876), (2485550.0, 8180650.0), (8193, 205265), 732.1509407219252, 716.804967019707, 23.94242161512375]
[(65.97301764370937, 49.624721588550116), (2821850.0, 7427650.0), (15723, 208628), 932.2687380793159, 1539188.519256791, 1549.5657573631033]
[(60.769385426123655, 31.536668145251465), (2014750.0, 6949950.0), (20500, 200557), 604.4170745437293, 45194438.87398404, 251152.60659951158]
[(44.90513346062914, 29.40417795415451), (2377450.0, 5329950.0), (36700, 204184), 132.90974381135493, 48832040.11300691, 914172.2083411724]
[(37.08066680446517, 34.0768281037411), (2968450.0, 4460550.0), (45394, 210094), 188.2817038376273, 63068469.57858379, 822879.9461939903]
[(27.049036570514808, 26.363578812533977), (2459450.0, 3296550.0), (57034, 205004), 1266.0351495910372, 109980115.45995152, 35.36892667040229]
[(21.546474966379982, 23.284491860066208), (2231450.0, 2639950.0), (63600, 202724), 1392.053519086102, 1263695.2599867294, 0.0]
[(15.848174749682718, 24.835761342844403), (2430250.0, 1949950.0), (70500, 204712), 856.8185338798409, 27275077.813711178, 26478.93516921997]
[(7.691747492185304, 26.057688488894122), (2597050.0, 949950.0), (80500, 206380), 870.786426168897, 18037029.04579898, 131.41367504140362]
[(-6.805850937980137, 30.153896587823365), (3008950.0, -840750.0), (98407, 210499), 415.5021058911735, 77607728.26567566, 1104325.0606616754]
[(-14.39147818378783, 20.44434766110405), (2009050.0, -1772250.0), (107722, 200500), 690.5027154182668, 38982725.56463368, 151318.12706157006]
[(-22.89503821342585, 23.388968263084266), (2228150.0, -2801850.0), (118018, 202691), 625.6932155617479, 20081694.096280098, 10713.03878384782]
[(-25.364017418947657, 22.05902925830165), (2076450.0, -3096650.0), (120966, 201174), 355.33786738820845, 51545701.06404414, 28633.17757493304]
[(-33.632166377649476, 23.845067240939553), (2133250.0, -4065950.0), (130659, 201742), 93.64827814754524, 1990607.5870215218, 374996.6983834203]
[(-46.89881732615822, 37.76836000864242), (2985550.0, -5544950.0), (145449, 210265), 104.12012293500234, 0.0, 0.0]
[(73.37365440106971, 88.55672938403043), (4008950.0, 8047450.0), (9525, 220499), 1469.9921768499314, 6014.07935898751, 0.0]
[(70.48740055204482, 80.10423202089741), (4008950.0, 7814950.0), (11850, 220499), 984.9964466940985, 1031571.9758116887, 16.65534537192434]
[(60.012467638560885, 58.55341142797918), (3796650.0, 6877950.0), (21220, 218376), 531.3266415304242, 27401737.081202526, 359628.11684309714]
[(47.53224313604283, 49.42650368985063), (3877850.0, 5612650.0), (33873, 219188), 427.39794103388004, 29330110.09194874, 68296.38138389983]
[(35.07440758852901, 42.112856929296406), (3727350.0, 4231750.0), (47682, 217683), 521.8141431582704, 111695080.40251645, 1614486.6362625621]
[(28.662090664967085, 39.54330192779951), (3655050.0, 3486850.0), (55131, 216960), 631.0887417788405, 49452140.56067321, 1714.1347165754996]
[(19.856445717108805, 31.18254241910993), (3009050.0, 2436250.0), (65637, 210500), 868.4630101506915, 19310901.99324906, 70.17262954451144]
[(9.369819391664986, 33.1619671031321), (3296150.0, 1156550.0), (78434, 213371), 513.3517312720393, 120522615.00973818, 356114.0394428037]
[(6.7863880129595655, 32.07620224805927), (3200850.0, 838350.0), (81616, 212418), 585.4921007152872, 132346824.01859279, 298921.23760990426]
[(-0.9151357955897547, 33.11933711495238), (3319050.0, -113150.0), (91131, 213600), 821.112050818888, 116663695.06563964, 913939.8999062162]
[(-8.5044399899774, 37.96563710167573), (3779150.0, -1050050.0), (100500, 218201), 565.8524542670112, 63719297.88842036, 35907.8290152885]
[(-22.72317185171646, 31.561422654922254), (3009050.0, -2781250.0), (117812, 210500), 189.58902921846507, 22783957.77287385, 64898.96233565174]
[(-28.078710886489624, 32.44334246134517), (3009050.0, -3418150.0), (124181, 210500), 107.93516572461452, 5775317.093816739, 84006.39713117818]
[(-46.63299205768842, 37.947650677453744), (3009050.0, -5516450.0), (145164, 210500), 57.245087125446844, 0.0, 0.0]
[(72.14530306596417, 93.69471762397396), (4436150.0, 7950050.0), (10499, 224771), 3278.160002196354, 953.4924213225022, 0.0]
[(70.01055717391074, 97.17347411098473), (4936650.0, 7775350.0), (12246, 229776), 1365.960833991956, 1837697.1922729705, 0.0]
[(58.213557434353824, 72.48901880629008), (4860150.0, 6704450.0), (22955, 229011), 540.4535132645545, 13284969.323482798, 31436.91762762796]
[(41.85843616235569, 56.35753264753061), (4702750.0, 4996050.0), (40039, 227437), 878.503841767354, 5814605.622143353, 80.83959626825526]
[(34.64196877606548, 56.40761539942799), (5008950.0, 4182150.0), (48178, 230499), 878.0535291199507, 55791374.90502795, 15517.801174469292]
[(30.936252818124608, 43.99052426949775), (4009050.0, 3753250.0), (52467, 220500), 669.9985074610241, 63371824.56511073, 715525.7650581431]
[(20.234155557142007, 49.88514362820883), (4806650.0, 2481850.0), (65181, 228476), 1420.6551305647688, 11402361.235033821, 0.0]
[(15.848174749682718, 46.70839996113054), (4570550.0, 1949950.0), (70500, 226115), 588.8403858432266, 56731474.24933818, 99923.81168568507]
[(1.4530112198011111, 41.67595038367048), (4176050.0, 179650.0), (88203, 222170), 339.418620585259, 27635641.31857172, 479609.82951594517]
[(-1.4942636114408372, 41.426929865369026), (4151050.0, -184750.0), (91847, 221920), 207.87015177749788, 1221269.8748661708, 449645.9640227952]
[(-14.100913574024178, 49.073471929005976), (4826250.0, -1736750.0), (107367, 228672), 167.14664220378464, 8435822.633155566, 1865566.5873590554]
[(-16.67049128720671, 48.882715412744886), (4770950.0, -2050050.0), (110500, 228119), 136.60527076214885, 27312152.221860316, 1004448.3975875964]
[(-24.97251483374509, 44.47929272542556), (4195250.0, -3050050.0), (120500, 222362), 70.77428911688199, 1293218.7144420007, 412993.78356683627]
[(72.14530306596417, 108.40952883834288), (5132850.0, 7950050.0), (10499, 231738), 904.9607726305047, 3448.697618256323, 96.76330210547894]
[(69.73656332484002, 97.77059478523718), (5009050.0, 7752450.0), (12475, 230500), 3339.311605705583, 27546.933526976034, 0.0]
[(59.689549075019144, 84.91064053493365), (5539850.0, 6847050.0), (21529, 235808), 705.594784561224, 9125238.106560046, 611.388806804549]
[(42.89408940020179, 65.12486488724993), (5378450.0, 5110250.0), (38897, 234194), 784.298412595614, 9328934.591034446, 13234.487552587176]
[(40.79665620826076, 59.41862804518866), (5009050.0, 4878250.0), (41217, 230500), 606.6712454039667, 68446792.3627051, 518569.69943278143]
[(30.446290913670058, 65.72721543393101), (6008950.0, 3696050.0), (53039, 240499), 905.0, 25666253.874797612, 15290.549640063196]
[(20.176151236303415, 51.97373511435522), (5009050.0, 2474850.0), (65251, 230500), 1319.8473396571287, 5008557.630965508, 0.0]
[(11.133278545993926, 50.568652939653575), (5009050.0, 1373250.0), (76267, 230500), 279.2131802046601, 290014.3395750141, 89115.97922411561]
[(-5.436023989973654, 53.344138888175), (5331450.0, -671750.0), (96717, 233724), 45.221676218380054, 111247.56437556073, 149.37815567851067]
[(-10.124548514249284, 51.17184166595637), (5079150.0, -1249350.0), (102493, 231201), 39.59797974644666, 264.4649762250483, 0.0]
[(-21.243113841650914, 55.769037739295285), (5351450.0, -2603450.0), (116034, 233924), 60.13318551349163, 2295907.9292154294, 1031821.999940014]
[(72.14530306596417, 140.98825181546943), (6675350.0, 7950050.0), (10499, 247163), 434.5077674794779, 55.60252504050732, 0.36678294837474823]
[(70.17267956969798, 118.88163908896651), (6009050.0, 7788850.0), (12111, 240500), 1541.9575221127202, 45493.40561588574, 0.0]
[(60.769385426123655, 105.79086660533034), (6758550.0, 6949950.0), (20500, 247995), 1067.200074962516, 7367785.543604374, 1.8763601300306618]
[(45.61425708558253, 87.36925186238078), (7008950.0, 5406750.0), (35932, 250499), 767.6887390081998, 17486570.932958834, 99706.75728848646]
[(38.83038310263637, 79.59532055012421), (6831150.0, 4658250.0), (43417, 248721), 1258.2781886371552, 132245132.77451001, 161.41150159295648]
[(30.36415121342596, 65.69393252255635), (6009050.0, 3686450.0), (53135, 240500), 404.63810992045717, 298857440.398277, 941152.6255644597]
[(24.13312625280642, 70.98985126159505), (6723550.0, 2949950.0), (60500, 247645), 296.4472971710149, 62499160.13392031, 1641446.8376123402]
[(-19.732274257653856, 63.305002864639654), (6111750.0, -2421250.0), (114212, 241527), 32.64965543462902, 41074.60592135787, 41074.60592135787]
[(72.14530306596417, 148.03623875710127), (7009050.0, 7950050.0), (10499, 250500), 117.83462988442744, 0.0, 0.0]
[(60.77044116292149, 120.4914671380828), (7697550.0, 6950050.0), (20499, 257385), 1300.478757996454, 241621.1825225791, 16.65389809012413]
[(58.06063417940087, 110.66084052417112), (7439750.0, 6689550.0), (23104, 254807), 1157.9762519153837, 2921883.344277852, 24.210565872490406]
[(41.443048363211304, 90.52526154978773), (7584450.0, 4950050.0), (40499, 256254), 1749.4850670983162, 10078042.435276598, 0.0]
[(35.399303027017865, 90.71414025444521), (8008950.0, 4268950.0), (47310, 260499), 2485.1623689409107, 830310.5079906236, 0.0]
[(32.62853458421684, 87.84853232533167), (7915350.0, 3949950.0), (50500, 259563), 883.4008150324518, 474052392.0453105, 13334.462643799812]
[(16.077240334443243, 78.5892784067289), (7684750.0, 1977850.0), (70221, 257257), 109.65856099730654, 336911865.7967675, 5340155.417251791]
[(15.848174749682718, 78.83623310983303), (7714350.0, 1949950.0), (70500, 257553), 149.03690818049066, 222919629.75264934, 3922632.1952571142]
[(5.84926415050991, 73.3464772853388), (7327350.0, 722750.0), (82772, 253683), 48.46648326421054, 9300772.278287172, 103044.26506130179]
[(-0.613454948498793, 73.14016919654786), (7330050.0, -75850.0), (90758, 253710), 35.014282800023196, 20247.783637339715, 20247.783637339715]
[(66.26550882167378, 159.60906548335427), (9008950.0, 7453550.0), (15464, 270499), 1383.0495291203422, 390076.17664390756, 0.0]
[(57.771857924337176, 129.88161952488952), (8776750.0, 6661350.0), (23386, 268177), 1306.3096876315356, 1211019.5563505064, 0.0]
[(41.443048363211304, 98.54004352220267), (8255950.0, 4950050.0), (40499, 262969), 934.7390010050934, 3697849.260501288, 1659.863316681236]
[(35.112810588671316, 90.51552547842836), (8009050.0, 4236150.0), (47638, 260500), 1694.8949819974098, 10396908.881942913, 0.0]
[(31.980176309173075, 89.4447554205351), (8095150.0, 3874750.0), (51252, 261361), 606.555026357873, 259709408.92095464, 27695.596906412393]
[(20.669452767956944, 93.66226830098188), (9008950.0, 2534350.0), (64656, 270499), 313.9554108468271, 279585862.203732, 943052.3542130999]
[(8.5044399899774, 80.97390324511646), (8060250.0, 1050050.0), (79499, 261012), 93.94147114027967, 2149352.4998351214, 2145407.891908069]
[(6.632317084410869, 81.63790641213916), (8148150.0, 819350.0), (81806, 261891), 105.89145385724005, 9205494.5623213, 4003157.125949723]
[(67.45597935882759, 170.53810813863544), (9329250.0, 7557850.0), (14421, 273702), 918.4127612353826, 30802.92736213561, 433.5981406578794]
[(54.59518393390706, 132.94255093372504), (9468850.0, 6345850.0), (26541, 275098), 960.2510088513316, 768110.8133577578, 21.517003861255944]
[(49.914830593808496, 131.44029716776012), (10008950.0, 5864550.0), (31354, 280499), 518.7031906591668, 25826504.805332538, 34346.22753861516]
[(39.996876360343634, 106.21030532757885), (9020450.0, 4789050.0), (42109, 270614), 391.0115087820306, 200799851.64289737, 1281022.572920723]
[(28.251814965773292, 98.08838603719687), (9088350.0, 3438550.0), (55614, 271293), 336.3287082602376, 170037783.92762646, 140619.87009482467]
[(20.48781449523221, 93.59431327943092), (9009050.0, 2512450.0), (64875, 270500), 431.00464034624963, 80852474.23236354, 689650.8477246137]
[(13.608502928162256, 98.77755388691693), (9727250.0, 1676550.0), (73234, 277682), 252.62026838715852, 42283374.35782315, 1501362.4554390889]
[(3.7978266355582266, 97.13306697621663), (9721750.0, 469450.0), (85305, 277627), 241.23225323326895, 20423527.20257642, 1240214.10714514]
[(-1.1577814489340243, 98.72903884216035), (9893650.0, -143150.0), (91431, 279346), 84.20213774008353, 63445.67216511816, 36015.2149544321]
[(-12.079717470326791, 96.84096043510537), (9572450.0, -1489350.0), (104893, 276134), 34.92849839314596, 495.24711812334135, 495.24711812334135]
[(62.27730096225525, 174.1365007843084), (10785150.0, 7091550.0), (19084, 288261), 1085.6081245090238, 22095.214233185165, 28.78742077574134]
[(56.436103475532974, 157.79185172430797), (10909950.0, 6529850.0), (24701, 289509), 707.9837568758198, 141946.21496985992, 573.435922395438]
[(48.20996973381097, 138.23520753357658), (10756550.0, 5684750.0), (33152, 287975), 773.2173045140673, 75966536.59194683, 63197.44242537441]
[(41.44214643271657, 128.75876840320478), (10787850.0, 4949950.0), (40500, 288288), 120.10828447696687, 337691054.51208806, 1271829.9694601905]
[(31.243389779124495, 120.10215284917476), (10923450.0, 3789050.0), (52109, 289644), 139.52060779684126, 315180981.4032786, 39867743.41647523]
[(17.466159298693906, 106.01951622270145), (10320250.0, 2146750.0), (68532, 283612), 195.80091930325557, 198975313.91673213, 1960862.123047838]
[(14.345633119767715, 107.09881850762059), (10525850.0, 1766650.0), (72333, 285668), 294.4163718273833, 87938000.35625076, 1703624.3958470805]
[(0.48890247320105734, 102.52842157504134), (10275450.0, 60450.0), (89395, 283164), 247.19425559668656, 54934285.9065555, 2248993.369204063]
[(-2.9739468997235483, 102.37671664552228), (10251950.0, -367650.0), (93676, 282929), 205.50669088864237, 132382534.89090411, 2244011.847101826]
[(-10.531469826595142, 105.64850958503771), (10477950.0, -1299350.0), (102993, 285189), 47.53945729601885, 4150.153728648322, 4150.153728648322]
[(-24.971675211009867, 116.71967988741767), (11008950.0, -3049950.0), (120499, 290499), 410.7967867449793, 7437.767977998126, 10.292560866335407]
[(-29.60302331654252, 119.25328963857288), (10960250.0, -3597350.0), (125973, 290012), 530.0716932642225, 2574243.620153624, 96.87073095567757]
[(-33.49434224057699, 119.13253594337134), (10668550.0, -4050050.0), (130500, 287095), 137.3062270984095, 170232.75378795352, 3096.047939883977]
[(62.593772044463066, 178.95897884385317), (11009050.0, 7120950.0), (18790, 290500), 157.2800050864699, 1.9940713802352548, 1.9940713802352548]
[(54.85641035744959, 160.37085125777958), (11375850.0, 6372150.0), (26278, 294168), 493.1460229992735, 276810.3961148346, 7364.24096041359]
[(43.645392042738585, 134.339054631002), (11009050.0, 5192650.0), (38073, 290500), 292.6380016334174, 5483491.4678609595, 29506.523256054614]
[(40.41963531352587, 140.14370035692303), (11856050.0, 4836250.0), (41637, 298970), 70.22819946431775, 73568990.78656204, 1499585.1525687247]
[(24.422185518357516, 121.08696409223975), (11452150.0, 2984450.0), (60155, 294931), 86.34813257969161, 134268757.01751024, 14890789.090488994]
[(23.63267570952949, 121.09436532129605), (11496550.0, 2890150.0), (61098, 295375), 141.15594213493105, 43257515.352767356, 5787712.396607356]
[(15.447752829917887, 120.15606883996085), (11771850.0, 1901150.0), (70988, 298128), 122.18837915284743, 50824653.030721985, 11720491.792725671]
[(1.951297106071444, 115.85197218360254), (11606850.0, 241250.0), (87587, 296478), 681.8482235805855, 12191276.149801724, 23990.138880933635]
[(-2.5305456365017474, 113.67782665752495), (11386250.0, -312850.0), (93128, 294272), 335.2148564726808, 77357660.97839859, 2159716.3487289585]
[(-8.702636473836314, 114.48642407448494), (11392450.0, -1074450.0), (100744, 294334), 111.07204868912791, 9044293.483391162, 3055551.1457310496]
[(-24.971675211009867, 122.94214253153227), (11595850.0, -3049950.0), (120499, 296368), 1712.5948148934704, 153295.45230034768, 0.0]
[(-27.473672825777314, 129.0330975135122), (12008950.0, -3346750.0), (123467, 300499), 1680.2193309208176, 48957.300825745246, 0.0]
[(-33.49434224057699, 123.41496678301523), (11052050.0, -4050050.0), (130500, 290930), 297.85902705810344, 13.918340015225112, 11.350276600453071]
[(-43.200028873355144, 145.86570152633118), (12008950.0, -5143850.0), (141438, 300499), 94.92101980067429, 2.4419914966565557, 2.4419914966565557]
[(-54.556499240055615, 158.8882847084552), (11323650.0, -6341950.0), (153419, 293646), 29.966648127543394, 0.0, 0.0]
[(52.86826599440532, 172.9935519311767), (12646350.0, 6170450.0), (28295, 306873), 103.40696301506973, 254.78053848189302, 26.886388381477445]
[(46.98473181898832, 152.0725935702529), (12009050.0, 5554150.0), (34458, 300500), 61.71709649683789, 4.895085906609893, 2.0778656248003244]
[(36.98376552413411, 139.0841765844859), (12125350.0, 4449550.0), (45504, 301663), 91.76055797563569, 79210514.35503781, 6517275.72522174]
[(25.554901940951364, 127.78694947926746), (12016950.0, 3119350.0), (58806, 300579), 29.698484809834994, 10313.535230072215, 0.0]
[(8.195039161200505, 125.47088492350176), (12495650.0, 1011950.0), (79880, 305366), 129.4488315899375, 48652735.67317513, 6503687.200529363]
[(0.5527961506759506, 123.64663017123132), (12391850.0, 68350.0), (89316, 304328), 187.66459442313567, 23155967.603430226, 1795113.6595038995]
[(-3.3089699681211893, 121.71886913772325), (12186450.0, -409050.0), (94090, 302274), 299.2941696725815, 11943585.96527013, 1655601.9972234396]
[(-15.498609566603404, 127.15088896546382), (12455250.0, -1907350.0), (109073, 304962), 567.0079364523922, 5064792.617813697, 1557.2465385106625]
[(-21.48412090000816, 125.27743817048471), (12009050.0, -2632450.0), (116324, 300500), 2298.8695047783813, 60219.05296369543, 0.0]
[(-24.97251483374509, 137.92477089575706), (13008950.0, -3050050.0), (120500, 310499), 2428.2545171377733, 105059.74223463872, 0.0]
[(-34.77004195677186, 141.4130614768176), (12545250.0, -4196850.0), (131968, 305862), 320.8519907994962, 9704421.25138624, 36649.7802236537]
[(-42.34735556363775, 145.73054214535804), (12101850.0, -5050050.0), (140500, 301428), 262.1316463153581, 292485.68795213476, 281091.88600072684]
[(-52.55985488395484, 169.1274215993656), (12419150.0, -6138850.0), (151388, 304601), 49.03060268852505, 0.0, 0.0]
[(51.95316235703709, 177.41430091832828), (13140850.0, 6076450.0), (29235, 311818), 91.13725912051558, 0.0, 0.0]
[(26.556646151396272, 142.17710083069102), (13299450.0, 3238250.0), (57617, 313404), 41.23105625617661, 3256.6856482960284, 1086.1124525628984]
[(20.01875228951346, 145.22346776837654), (14004850.0, 2455850.0), (65441, 320458), 33.97057550292606, 0.0, 0.0]
[(9.979732590849766, 139.61889763792828), (13861950.0, 1231550.0), (77684, 319029), 34.0, 12571.46139862791, 1714.585466589051]
[(-0.19531759456675363, 131.0300960723639), (13132150.0, -24150.0), (90241, 311731), 167.0269439342048, 32378.043469718607, 15493.586575053632]
[(-2.647862892819737, 136.88096343886252), (13709550.0, -327350.0), (93273, 317505), 440.2646931108603, 10180435.638388744, 326293.0459192358]
[(-16.66966913033775, 142.72768257818296), (13930250.0, -2049950.0), (110499, 319712), 597.2352970145016, 206247.72328057454, 37.32378703576978]
[(-24.17919144623713, 137.38531064414423), (13009050.0, -2955450.0), (119554, 310500), 1193.5845173258574, 46932.18808122685, 1.6904769144020975]
[(-24.97251483374509, 139.28610602142172), (13137350.0, -3050050.0), (120500, 311783), 661.7099062277971, 1812262.1665101121, 22.70893232151866]
[(-35.92437079074256, 149.83164100004907), (13174150.0, -4328950.0), (133289, 312151), 124.01612798341996, 6901199.658262812, 582843.5881442217]
[(-45.93852897764218, 166.94532960148695), (13343850.0, -5441750.0), (144417, 313848), 247.29132617218906, 445793.9902524207, 88969.38408756781]
[(24.304855958066135, 153.9765121769217), (14571150.0, 2970450.0), (60295, 326121), 21.93171219946131, 151.81636053696275, 151.81636053696275]
[(16.349951654874495, 145.67698592584435), (14232650.0, 2011050.0), (69889, 322736), 55.60575509783138, 0.0, 0.0]
[(15.064838622915463, 145.6279738295378), (14283450.0, 1854450.0), (71455, 323244), 52.773099207835045, 233758.3964325352, 49563.69022822281]
[(7.488061380080111, 146.14892189806918), (14570250.0, 924850.0), (80751, 326112), 30.0, 13173.331292107818, 1000.6413504220545]
[(-7.371222113912095, 142.10732436520033), (14169650.0, -910450.0), (99104, 322106), 440.06931272243924, 10177427.482861672, 47007.65497455001]
[(-16.165116517250674, 143.30497484227885), (14009050.0, -1988550.0), (109885, 320500), 369.0121949204389, 1574405.129713375, 83.7053233034676]
[(-16.885120552271143, 143.63571390147), (14009050.0, -2076150.0), (110761, 320500), 274.5359721420856, 1149014.5667113494, 418.4858715760056]
[(-25.049769447968888, 149.34232832538942), (14080350.0, -3059250.0), (120592, 321213), 169.1685549976709, 4887185.952695167, 1872.9929012940265]
[(-42.34644885172308, 172.95595254298073), (14362850.0, -5049950.0), (140499, 324038), 232.74449510138794, 1178989.6727053423, 14762.216531993734]
[(-42.34735556363775, 172.6769374616665), (14339550.0, -5050050.0), (140500, 323805), 210.19038988498022, 655491.1891972605, 12991.240816873556]
[(9.843075001644966, 160.86588535880855), (15975550.0, 1214750.0), (77852, 340165), 52.46903848937962, 2777.48761525203, 0.0]
[(6.876406580377002, 158.2258001813784), (15787350.0, 849450.0), (81505, 338283), 49.39635614091387, 88446.61164902698, 45219.43849704682]
[(-5.465190223472852, 151.2540697290514), (15116550.0, -675350.0), (96753, 331575), 199.1808223700264, 1349814.5829710488, 190013.29675223492]
[(-9.510468676477412, 159.7461820293285), (15874050.0, -1173850.0), (101738, 339150), 109.5627673984187, 585997.8487061504, 389447.2633388494]
[(-21.882531907162104, 166.4564072926071), (15929150.0, -2680350.0), (116803, 339701), 120.81390648431164, 307332.6549193468, 283258.02615038585]
[(-29.118951261526103, 167.95271306982968), (15481750.0, -3540550.0), (125405, 335227), 25.942243542145693, 1854.3153147005942, 1854.3153147005942]
[(-35.86830148355368, 175.2664330102489), (15417350.0, -4322550.0), (133225, 334583), 212.08488866489287, 3214760.619458394, 151581.6020908817]
[(9.38851716574699, 170.0712208174898), (16903750.0, 1158850.0), (78411, 349447), 42.80186911806539, 13796.503350903018, 943.0132797034457]
[(7.572452740984038, 168.91168572722432), (16837550.0, 935250.0), (80647, 348785), 37.36308338453881, 9525.348609468085, 1177.9962896592915]
[(-0.8423434018205622, 169.54615702301706), (16991250.0, -104150.0), (91041, 350322), 24.596747752497688, 21889.53141798172, 193.89489349722862]
[(-10.529841737239305, 161.7081035262115), (16037850.0, -1299150.0), (102991, 340788), 129.80754985747168, 342335.861391076, 62027.049271158874]
[(-18.83187523192945, 169.13546297794744), (16384750.0, -2312350.0), (113123, 344257), 92.34717104492157, 199194.82023147726, 43627.27777183708]
[(8.337952818727066, 171.0970440881113), (17035750.0, 1029550.0), (79704, 350767), 33.0, 724.6098473463207, 724.6098473463207]
[(5.998382992352571, 172.0983778189527), (17189850.0, 741150.0), (82588, 352308), 38.948684188300895, 152411.3259060523, 371.30929847992957]
[(-1.4238920587979884, 174.97414290475638), (17533050.0, -176050.0), (91760, 355740), 40.0, 13191.45607704972, 5330.92763151438]
[(-16.66966913033775, 179.15178922131142), (17485250.0, -2049950.0), (110499, 355262), 63.387695966961914, 87793.96980421152, 77414.11570155434]
[(-18.109749318606134, 177.73220658679622), (17262450.0, -2224850.0), (112248, 353034), 94.82615672903758, 888316.8085922563, 804898.3861313876]
