[(-2.8234422446426137, -171.65798593949464), (-17191150.0, -349050.0), (93490, 8498), 52.172789842982326, 7.965494930744171, 7.965494930744171]
[(-4.5102617697250595, -172.1698246687505), (-17222350.0, -557450.0), (95574, 8186), 57.982756057296896, 2050.3429919239134, 0.0]
[(-13.596238618524717, -172.4374611818673), (-16981550.0, -1675050.0), (106750, 10594), 122.53978945632312, 326813.6103914525, 234806.40401296038]
[(-21.416789925536072, -174.9271589704924), (-16773250.0, -2624350.0), (116243, 12677), 42.190046219457976, 96159.57780599035, 95798.81286010891]
[(23.861887854306005, -166.23935170610847), (-15765350.0, 2917550.0), (60824, 22756), 35.84689665786984, 0.0, 0.0]
[(4.67059505877062, -160.34774282401884), (-16037550.0, 577250.0), (84227, 20034), 23.0, 4739.059442520142, 4739.059442520142]
[(1.832383377488014, -157.40064871585227), (-15770150.0, 226550.0), (87734, 22708), 93.98404119849285, 7786.46277138032, 7243.531459629536]
[(-5.640199152408789, -155.87731767862766), (-15575750.0, -696950.0), (96969, 24652), 55.0, 880.9132931460626, 0.0]
[(-19.054113170329146, -169.83789579601074), (-16439250.0, -2339250.0), (113392, 16017), 47.4236228055175, 2111.251497057136, 1948.0000029214284]
[(-29.269704391936884, -177.90806191979362), (-16384450.0, -3558250.0), (125582, 16565), 56.568542494923804, 0.0, 0.0]
[(22.057333737179807, -159.5159987119642), (-15253350.0, 2701350.0), (62986, 27876), 115.0173899895142, 1423526.4620037396, 315198.2958312414]
[(19.634618564714735, -155.6295659377979), (-15030850.0, 2409450.0), (65905, 30101), 209.06697491473875, 255063.03608602725, 255063.03608602722]
[(-4.013150652793299, -154.9283701723632), (-15503850.0, -496050.0), (94960, 25371), 59.0, 0.0, 0.0]
[(-9.979732590849766, -150.21675754181112), (-14914150.0, -1231550.0), (102315, 31268), 39.0, 0.0, 0.0]
[(-17.632534655377782, -149.4644931093301), (-14541050.0, -2166950.0), (111669, 34999), 90.24965373894794, 238105.08338092547, 188397.5167720383]
[(-21.922479399029704, -157.90871816154154), (-15108550.0, -2685150.0), (116851, 29324), 37.013511046643494, 11632.934966559988, 671.6404696926475]
[(-9.778007582772352, -139.10895771660597), (-13816550.0, -1206750.0), (102067, 42244), 70.40596565632774, 7276.371871844865, 2779.503745302558]
[(-14.424226859250894, -144.9349348695328), (-14241350.0, -1776250.0), (107762, 37996), 63.97655820689325, 75461.40027515992, 1664.095199111849]
[(-20.433090296647954, -143.54374356027466), (-13820050.0, -2505850.0), (115058, 42209), 40.80441152620633, 4275.971769912168, 0.0]
[(-44.05075437272842, -176.49606435072386), (-14402250.0, -5236950.0), (142369, 36387), 67.08203932499369, 634.5296001425013, 634.5296001425013]
[(51.83683798256647, -177.9895314787564), (-13205050.0, 6064450.0), (29355, 48359), 90.24965373894794, 495.4777291335631, 64.36925601959229]
[(-17.34018094134462, -138.3634997085114), (-13474450.0, -2131450.0), (111314, 45665), 51.0, 1113.120146379908, 123.66777867078781]
[(-21.872545699722092, -138.9757724480035), (-13299950.0, -2679150.0), (116791, 47410), 52.172789842982326, 3203.952747784555, 202.75056007504463]
[(57.19070452493065, -170.27645912523823), (-11623450.0, 6604350.0), (23956, 64175), 41.0, 743.8567400551401, 743.8567400551401]
[(54.76694788233607, -164.03267995269994), (-11651950.0, 6363150.0), (26368, 63890), 174.54512310574592, 7047.924781264621, 46.87324023048859]
[(-24.352620861884578, -128.3313306866095), (-12141450.0, -2976150.0), (119761, 58995), 47.01063709417264, 71.62988330889493, 0.0]
[(59.311632742880484, -160.416060389109), (-10541050.0, 6810750.0), (21892, 74999), 420.0059523387734, 7331.454793795216, 3526.7812041623984]
[(56.134788392980646, -160.1800799299377), (-11130650.0, 6499950.0), (25000, 69103), 223.0, 2931.4365123223433, 216.8062569027531]
[(37.503173124889656, -121.68174242489937), (-10562650.0, 4508450.0), (44915, 74783), 77.17512552629896, 5339538.458836288, 4929087.704926891]
[(29.366844168596657, -114.52614092306455), (-10541050.0, 3569650.0), (54303, 74999), 194.982050455933, 15941035.306915917, 4221.0264697643]
[(27.170781784031767, -113.89815564933393), (-10618350.0, 3310950.0), (56890, 74226), 247.67922803497268, 94674.07799704053, 73204.8532763719]
[(18.77653977401051, -110.98141810221736), (-10753350.0, 2305650.0), (66943, 72876), 82.63776376451628, 0.0, 0.0]
[(67.04845817965877, -176.6775225529371), (-9771250.0, 7522350.0), (14776, 82697), 515.7072813137313, 429.4927967302501, 166.71576332487166]
[(62.868166246891, -157.445026703068), (-9628150.0, 7146350.0), (18536, 84128), 825.4513916639792, 142023.6367502509, 898.544153902275]
[(51.08628212354591, -127.32927676401364), (-9545250.0, 5986750.0), (30132, 84957), 232.59406699226014, 5709499.56635094, 13558.264483375937]
[(37.429015599460946, -116.30240423789827), (-10101950.0, 4500050.0), (44999, 79390), 645.8637627239974, 12965736.520820212, 1637.6614222391872]
[(37.42813293802794, -116.35105279704584), (-10106250.0, 4499950.0), (45000, 79347), 682.6778156641682, 34199246.06100272, 5830.961603413351]
[(26.2572137135705, -101.83397970735739), (-9541050.0, 3202750.0), (57972, 84999), 261.3962509295036, 33605075.98799356, 47221.6058416454]
[(20.251558460329036, -103.00354240483641), (-9924150.0, 2483950.0), (65160, 81168), 97.62171889492625, 42670991.026939005, 2555612.8130861158]
[(-27.078622803825738, -109.384237405652), (-10202750.0, -3300050.0), (123000, 78382), 51.0, 7836.298278328031, 7836.298278328031]
[(67.98312375151522, -161.0164668903017), (-8681850.0, 7603450.0), (13965, 93591), 774.5663302777884, 9650.72089058689, 1271.1217034802426]
[(56.135794695532574, -125.36193977176205), (-8711050.0, 6500050.0), (24999, 93299), 1395.2953092446057, 789182.6174874782, 0.0]
[(56.134788392980646, -126.78743372603881), (-8810250.0, 6499950.0), (25000, 92307), 743.5764923664545, 9608587.169623809, 246.01508854300172]
[(41.10875200915972, -112.82499414801407), (-9483150.0, 4912950.0), (40870, 85578), 442.4036618293298, 12558358.028988956, 2867870.272924604]
[(33.5212071092413, -106.56156703762701), (-9540950.0, 4053150.0), (49468, 85000), 370.4186820342624, 32693324.12894812, 91583.89337008765]
[(28.520167222087142, -102.01424407258997), (-9437250.0, 3470150.0), (55298, 86037), 270.1184925176357, 19566360.707463775, 268366.3017331457]
[(18.081712779596995, -89.87779253829635), (-8730350.0, 2221450.0), (67785, 93106), 348.919761549844, 69124536.08975765, 208661.66816611687]
[(5.53162645762284, -87.05847069128576), (-8700150.0, 683550.0), (83164, 93408), 50.60632371551998, 111658.62764653936, 0.0]
[(-0.8552842324563666, -91.27846097563557), (-9147550.0, -105750.0), (91057, 88934), 196.66468925559565, 41661.93596270401, 28971.137678562663]
[(66.79371055973391, -135.43987228354212), (-7541050.0, 7500050.0), (14999, 104999), 1051.6791335763965, 9260.23629716121, 359.9621688928455]
[(64.65404609056141, -128.41782764598037), (-7541050.0, 7309550.0), (16904, 104999), 1703.940433231162, 227335.69144991567, 0.0]
[(56.134788392980646, -115.03870231728898), (-7993850.0, 6499950.0), (25000, 100471), 521.7278984298233, 5674614.052485626, 19892.676839210777]
[(46.47931458238613, -107.51970026742555), (-8540950.0, 5499950.0), (35000, 95000), 188.4728097100481, 19890316.184834894, 8622.799643386126]
[(29.47766042834681, -91.08845240785747), (-8378150.0, 3582650.0), (54173, 96628), 198.00252523642217, 33322873.074730366, 1096996.8075971294]
[(26.309487742892177, -80.64131296390514), (-7553350.0, 3208950.0), (57910, 104876), 230.67292862405853, 16591206.445848094, 1888949.510126691]
[(19.188832948562812, -87.85832915733499), (-8499850.0, 2355550.0), (66444, 95411), 225.64130827488125, 7134367.731703888, 92455.66255309945]
[(11.397278288323779, -85.19184670465316), (-8433850.0, 1405650.0), (75943, 96071), 259.53805116013336, 22149874.051650975, 3173541.4122392335]
[(-2.3161486111341176, -75.28083732518341), (-7541050.0, -286350.0), (92863, 104999), 457.83184686083166, 28504057.215938676, 9004.469493214041]
[(-7.639808074631186, -75.65797163800391), (-7541050.0, -943550.0), (99435, 104999), 521.0700528719723, 23062242.277014673, 173254.47668285575]
[(-12.547288534499112, -76.3740170671139), (-7541050.0, -1546650.0), (105466, 104999), 99.31767214348109, 1752853.8308313584, 1752853.8308313584]
[(66.79371055973391, -117.47952560986377), (-6541050.0, 7500050.0), (14999, 114999), 2608.1506858308626, 9731.880451344045, 0.0]
[(66.79257032078935, -117.47601689236791), (-6541050.0, 7499950.0), (15000, 114999), 3272.5097402452448, 48968.96015418396, 0.0]
[(52.32809581625544, -88.78190394839763), (-6541050.0, 6115050.0), (28849, 114999), 1271.5616383015022, 2482022.3305518935, 0.0]
[(45.015717847179474, -82.3582527620792), (-6650950.0, 5341950.0), (36580, 113900), 694.4472622165056, 73351370.78151438, 186484.1741557055]
[(30.50277713826325, -82.51433164928214), (-7540950.0, 3702650.0), (52973, 105000), 164.97575579460153, 35295589.01836641, 1862905.2622601942]
[(26.34827748151204, -80.52566796039044), (-7540950.0, 3213550.0), (57864, 105000), 202.2992832414391, 11877846.786871154, 5320594.034279028]
[(19.15659556925584, -71.14806910999008), (-6884050.0, 2351650.0), (66483, 111569), 135.8712625980932, 29328354.46615297, 8634789.033606995]
[(4.045532056709467, -65.36564180697711), (-6541050.0, 500050.0), (84999, 114999), 663.7379000780353, 59901539.25974389, 1953.0634920224547]
[(1.004105050035469, -65.27130227103882), (-6541050.0, 124150.0), (88758, 114999), 839.0309887006558, 2654503.206551796, 4178.837935463904]
[(-10.936153394213397, -71.94020339468074), (-7128950.0, -1349050.0), (103490, 109120), 826.0750571225353, 4592803.649371825, 2817.146421507001]
[(-13.129555491658886, -68.76712326682065), (-6780250.0, -1617950.0), (106179, 112607), 474.2699653151146, 12658216.096925795, 154154.42460569832]
[(-23.828416654309237, -68.9680600551502), (-6541650.0, -2913550.0), (119135, 114993), 467.0267658282553, 955512.0744125112, 3676.149549723603]
[(-28.774321170972236, -71.18493103143537), (-6575350.0, -3500050.0), (125000, 114656), 123.45849504995596, 151896.04188390588, 5339.166067584418]
[(66.79371055973391, -117.47772957519639), (-6540950.0, 7500050.0), (14999, 115000), 2229.5795567774658, 2798.2284804451556, 0.0]
[(66.79257032078935, -115.53815336545915), (-6433150.0, 7499950.0), (15000, 116078), 4024.7838451275866, 10221.496683010715, 0.0]
[(53.769830385701965, -86.3731766426586), (-6230250.0, 6262350.0), (27376, 118107), 2199.3483125689754, 1856613.6385052186, 0.0]
[(45.202970894032426, -81.1632351320724), (-6540950.0, 5362250.0), (36377, 115000), 577.8183105440671, 73026206.45885125, 454566.1024589885]
[(32.32224293157866, -64.80269613923625), (-5851250.0, 3914450.0), (50855, 121897), 19.697715603592208, 62806.0000082273, 62806.0000082273]
[(16.11173201665005, -61.676924874631396), (-6030350.0, 1982050.0), (70179, 120106), 62.07253821135398, 5081459.979684174, 467828.0360734092]
[(4.624437087973603, -62.93906131137551), (-6295250.0, 571550.0), (84284, 117457), 696.2707806593638, 9374634.151999284, 3318.9911095788702]
[(1.1335165530557043, -57.412557359001724), (-5753350.0, 140150.0), (88598, 122876), 930.773871571393, 4773717.663565591, 669.972719669342]
[(-5.423061393394112, -58.534246397973206), (-5850250.0, -670150.0), (96701, 121907), 823.4615959472549, 2636194.8267581514, 7183.8064130519815]
[(-19.195446041603493, -61.391291438940286), (-5939150.0, -2356350.0), (113563, 121018), 775.1264412984503, 9574355.728753937, 911.1294379550964]
[(-24.97251483374509, -69.34910428517307), (-6540950.0, -3050050.0), (120500, 115000), 536.0485052679468, 7724176.206540929, 1649.0611922563985]
[(-28.774321170972236, -69.55020062381496), (-6424350.0, -3500050.0), (125000, 116166), 410.2779545625136, 23784398.33454843, 5243.165754171088]
[(-46.47931458238613, -74.83936120745719), (-5944950.0, -5499950.0), (144999, 120960), 367.66560894377926, 4687353.033952126, 23.32909791264683]
[(-48.53543653790565, -73.25680378303683), (-5677450.0, -5719250.0), (147192, 123635), 402.1989557420556, 32292.52198570734, 5898.165919614956]
[(66.79371055973391, -88.86510128935942), (-4947850.0, 7500050.0), (14999, 130931), 1532.0737580155858, 6162.64439727456, 0.0]
[(66.79257032078935, -98.34163504279806), (-5475650.0, 7499950.0), (15000, 125653), 2797.415950480014, 14499.425774990821, 0.0]
[(53.283353942866604, -72.60904239053748), (-5275650.0, 6212850.0), (27871, 127653), 2753.081182965733, 1039825.477630722, 0.0]
[(46.47931458238613, -69.75351491307075), (-5540950.0, 5499950.0), (35000, 125000), 360.25685281476603, 1805257.6921086358, 14683.241890801975]
[(4.045532056709467, -53.347889177495496), (-5338450.0, 500050.0), (84999, 127025), 803.8836980558817, 919895.1200702835, 5121.548887074925]
[(-0.06429705380466702, -55.28636899629569), (-5540950.0, -7950.0), (90079, 125000), 1302.6499913637585, 9251272.630342105, 0.8214873131364584]
[(-9.037387793246772, -52.73485996252568), (-5244650.0, -1115650.0), (101156, 127963), 775.1670787643138, 5619112.819540155, 2263.904331868237]
[(-12.637902292596518, -53.746128430881015), (-5305650.0, -1557750.0), (105577, 127353), 318.7789202566569, 17316156.828269355, 16099.551558243009]
[(-28.359634489459786, -57.09887992703715), (-5287150.0, -3451250.0), (124512, 127538), 164.7573974060042, 43602290.688639686, 116062.4516943018]
[(-32.674296480534316, -52.84626498769642), (-4760050.0, -3955250.0), (129552, 132809), 191.2066944434739, 37255294.130677715, 370499.3641944735]
[(-42.970520994456116, -66.55822044149608), (-5492550.0, -5118650.0), (141186, 125484), 186.6815470259447, 2642437.841019044, 8061.36622045422]
[(-47.9181730420843, -70.95437926682618), (-5540950.0, -5653750.0), (146537, 125000), 279.25615481131297, 750380.2950525277, 714.5117121404037]
[(66.79371055973391, -67.33603373162119), (-3749150.0, 7500050.0), (14999, 142918), 2069.8929924032304, 6048.5516679092325, 0.0]
[(56.135794695532574, -64.19959493044112), (-4461050.0, 6500050.0), (24999, 135799), 1645.0422486975829, 17384.991752522707, 0.0]
[(52.37188150189773, -61.67310102233486), (-4540950.0, 6119550.0), (28804, 135000), 1695.2182750312716, 526657.259175605, 0.0]
[(-2.9779928306041548, -44.55346295677165), (-4461550.0, -368150.0), (93681, 135794), 143.22360140703069, 9841588.514257174, 2737313.5505713797]
[(-8.92849951659651, -43.52647918265218), (-4329650.0, -1102250.0), (101022, 137113), 304.8032152061392, 28390866.350563355, 211204.993154165]
[(-13.956911619480577, -44.91358390340437), (-4418850.0, -1719150.0), (107191, 136221), 207.21245136332902, 28746504.1777901, 172236.48103360416]
[(-24.11805174139055, -47.941610718690384), (-4540950.0, -2948150.0), (119481, 135000), 98.2344135219425, 61995367.58002991, 5498443.974587589]
[(-28.807488925669933, -49.17017529071834), (-4540950.0, -3503950.0), (125039, 135000), 23.345235059857504, 17.34527751780115, 17.34527751780115]
[(-51.932797590416314, -59.329883990137006), (-4395750.0, -6074350.0), (150743, 136452), 213.56497840235883, 3869.0137871039915, 3858.8451393876458]
[(66.79371055973391, -45.63813891515037), (-2541050.0, 7500050.0), (14999, 154999), 2188.8666016913867, 23420.090824260937, 0.0]
[(66.57285555742023, -45.376304829331616), (-2541050.0, 7480650.0), (15193, 154999), 3359.1309888124338, 31458.283451503317, 0.0]
[(39.71171044603047, -31.101760942235362), (-2648350.0, 4757150.0), (42428, 153926), 44.28317965096906, 5049.370704549918, 5049.370704549918]
[(-3.8617740487617103, -33.804674729623876), (-3383250.0, -477350.0), (94773, 146577), 40.792156108742276, 3118.34395423159, 0.0]
[(-7.007796775808388, -35.105700091509085), (-3502150.0, -865650.0), (98656, 145388), 39.20459156782532, 9945192.617271142, 2624615.5652027866]
[(-20.51683792094426, -29.31837712287103), (-2821750.0, -2515950.0), (115159, 152192), 43.139309220245984, 0.0, 0.0]
[(76.72578297752412, -39.28828308939901), (-1541050.0, 8300550.0), (6994, 164999), 6657.496000749831, 877.4900594495872, 0.0]
[(66.79257032078935, -45.63497987672655), (-2540950.0, 7499950.0), (15000, 155000), 2197.6883309514114, 3112.8362902657536, 0.0]
[(38.48219594052742, -28.422593628738962), (-2446750.0, 4619050.0), (43809, 155942), 57.3149195236284, 207891.63089934541, 36810.238453450394]
[(32.79176375626103, -17.158399647493663), (-1544250.0, 3968850.0), (50311, 164967), 49.24428900898052, 28449.22072204438, 15017.745028786361]
[(22.046510290808126, -16.115179796749445), (-1541050.0, 2700050.0), (62999, 164999), 441.0045351240733, 556558.0484864004, 7011.457244913094]
[(19.00370730583826, -15.91797402751072), (-1541050.0, 2333150.0), (66668, 164999), 255.8378392654222, 20750861.695310295, 2372.0184851910453]
[(11.858689494282594, -15.976713820885863), (-1580050.0, 1462250.0), (75377, 164609), 62.16912416947821, 1045131.9474239736, 1045098.345039071]
[(79.58489446284864, -45.943227809314685), (-1540950.0, 8499950.0), (5000, 165000), 5424.7964938788255, 369.44464033842087, 0.0]
[(65.15049751977301, -16.349399538013607), (-948750.0, 7354250.0), (16457, 170922), 329.1959902550455, 390352.7192352237, 31164.412793489173]
[(53.60547663109039, -10.122347067441204), (-731950.0, 6245650.0), (27543, 173090), 44.64302857109943, 2168549.729007937, 503277.718364786]
[(42.20596738555114, -6.844076340093664), (-569150.0, 5034450.0), (39655, 174718), 58.83026432033091, 12116730.88177513, 691003.4878705805]
[(28.774321170972236, -6.842591749248134), (-632050.0, 3500050.0), (54999, 174089), 463.9536614792473, 26856252.312644463, 430.65793826803565]
[(25.575090296898964, -13.206016313228316), (-1241750.0, 3121750.0), (58782, 167992), 886.4423275092407, 2806751.6178160394, 1395.7829630738124]
[(20.384176458779567, -10.055915393194672), (-968350.0, 2499950.0), (65000, 170726), 924.8789109932176, 26382006.70587707, 40.437180996872485]
[(5.394706084761028, -8.517873580840192), (-851350.0, 666650.0), (83333, 171896), 198.65799757371965, 53867662.82138209, 770346.2534866026]
[(-7.948234377486003, -14.316816938936242), (-1426350.0, -981550.0), (99815, 166146), 46.400431032480725, 978.5509084053338, 978.5509084053338]
[(-15.906457950475687, -5.683528601157157), (-556050.0, -1957050.0), (109570, 174849), 31.144823004794873, 3562.9133486757055, 3562.9133486757055]
[(-37.11944033757955, -12.268226000794597), (-1068350.0, -4464950.0), (134649, 169726), 65.94694837519019, 353.535736951977, 353.535736951977]
[(-40.310268163235435, -9.951563353616892), (-842750.0, -4824050.0), (138240, 171982), 66.46803743153546, 0.0, 0.0]
[(79.08880875696656, 13.27691742142633), (458950.0, 8466550.0), (5334, 184999), 281.70374509402603, 47.72521245479584, 0.0]
[(60.2325797019835, 7.1083641832279385), (458950.0, 6898950.0), (21010, 184999), 169.17742166140255, 3169579.477177511, 128812.02872431371]
[(52.538412952959625, 5.258433915910755), (386250.0, 6136650.0), (28633, 184272), 112.0714058089752, 134294359.20571068, 13240343.681661444]
[(38.04430453794919, -5.184032690214635), (-447950.0, 4569650.0), (44303, 175930), 69.20260110718382, 56127264.27961983, 1151603.8456557055]
[(28.774321170972236, 4.968606096538931), (458950.0, 3500050.0), (54999, 184999), 796.5958824899863, 53445472.80203402, 7.111649747937918]
[(28.773470768247655, -5.856310831905501), (-540950.0, 3499950.0), (55000, 175000), 1582.945671840951, 664336.5725659276, 0.0]
[(20.384176458779567, -5.617542657044104), (-540950.0, 2499950.0), (65000, 175000), 2676.0853872774687, 36542908.215297475, 0.0]
[(8.863497531384798, -3.5197131859562654), (-350150.0, 1094250.0), (79057, 176908), 334.24841061701403, 136801616.01159912, 865357.280310072]
[(66.79371055973391, 16.578297997138797), (923050.0, 7500050.0), (14999, 189640), 445.5973518772301, 456363.8715755325, 16149.454663425684]
[(66.79257032078935, 16.91903925416488), (942050.0, 7499950.0), (15000, 189830), 326.54708695684303, 16348023.108796172, 4527.066214344231]
[(46.492347620951435, 12.57362825305275), (998650.0, 5501350.0), (34986, 190396), 70.9365914038728, 149999895.71570623, 911571.8653214672]
[(46.47931458238613, 10.592785555473947), (841450.0, 5499950.0), (35000, 188824), 99.90495483208028, 67991374.40690759, 3880764.8094816525]
[(28.774321170972236, 4.969688699457885), (459050.0, 3500050.0), (54999, 185000), 913.7620040251181, 35035022.28626176, 3.3461291640996933]
[(28.773470768247655, 4.969663531539365), (459050.0, 3499950.0), (55000, 185000), 1029.6144909625154, 869994.7139526007, 7.215113859623671]
[(17.388756907986767, 14.98380477469548), (1458950.0, 2137350.0), (68626, 194999), 1719.8633666660849, 55239060.78042441, 0.0]
[(5.8233320040922845, 12.864933297061521), (1285250.0, 719550.0), (82804, 193262), 368.0869462504749, 210653829.42429468, 283530.2843989413]
[(1.1901347675052272, 14.559011019599057), (1458950.0, 147150.0), (88528, 194999), 446.1714916934967, 16675711.515893007, 17808.808589161374]
[(-8.946375838535378, 14.266308146661014), (1419050.0, -1104450.0), (101044, 194600), 194.61243536834948, 24563683.93929044, 10747837.645177947]
[(-19.6933747790988, 13.284618509912004), (1282750.0, -2416550.0), (114165, 193237), 399.1014908516379, 8158773.789212861, 10391.548727906309]
[(-25.10436265680912, 15.478539409083258), (1458950.0, -3065750.0), (120657, 194999), 519.0337175945316, 255226.8330445342, 6.5760653130710125]
[(66.79371055973391, 37.83257225076976), (2106450.0, 7500050.0), (14999, 201474), 878.590917321594, 685987.6627013562, 269.2280315924436]
[(65.25197113579797, 42.4784405268051), (2458950.0, 7363350.0), (16366, 204999), 717.5026132356593, 17631670.2379706, 361047.14486301737]
[(56.134788392980646, 32.574523493723234), (2263550.0, 6499950.0), (25000, 203045), 138.88484438555562, 67640344.5441687, 72967.50038571632]
[(44.90513346062914, 29.40417795415451), (2377450.0, 5329950.0), (36700, 204184), 132.90974381135493, 72810921.60480301, 914172.2083411724]
[(30.157206229497422, 26.8472663467212), (2458950.0, 3662250.0), (53377, 204999), 1182.1142076804592, 4163744.280871544, 0.2609424442052841]
[(28.773470768247655, 26.62052966099275), (2458950.0, 3499950.0), (55000, 204999), 1788.0855684222722, 164652.71282906272, 0.0]
[(20.384176458779567, 23.91207061510788), (2302650.0, 2499950.0), (65000, 203436), 1019.7225112745133, 13374122.811174214, 25105.637167930603]
[(5.626424576696419, 24.608055603520654), (2458950.0, 695250.0), (83047, 204999), 638.2256654193719, 25558897.67375537, 24943.958110174164]
[(0.9757965541803787, 14.559373807177455), (1459050.0, 120650.0), (88793, 195000), 500.145978690222, 15848754.34302295, 23406.244842916727]
[(-12.166190132226786, 22.00858813465731), (2175050.0, -1499950.0), (104999, 202160), 472.44470575930893, 64066269.66876618, 376422.23014292866]
[(-13.737701788212178, 18.067825302620612), (1778650.0, -1692350.0), (106923, 198196), 625.0887936925442, 10684361.334680744, 19392.97569492366]
[(-22.89503821342585, 23.388968263084266), (2228150.0, -2801850.0), (118018, 202691), 625.6932155617479, 5234504.304047209, 10713.03878384782]
[(-28.774321170972236, 16.865329572923358), (1557850.0, -3500050.0), (125000, 195988), 102.45974819410792, 12514993.718648616, 35192.44736499246]
[(66.79371055973391, 49.1817153138671), (2738350.0, 7500050.0), (14999, 207793), 929.8182618124899, 41681.92961870553, 461.89880453422666]
[(66.79257032078935, 50.25963101832993), (2798450.0, 7499950.0), (15000, 208394), 1187.8930928328525, 10518734.525423799, 240.8332268949598]
[(49.64028187567334, 43.32648094589019), (3311050.0, 5835750.0), (31642, 213520), 152.55490814785344, 62745878.250672966, 379748.9119545156]
[(43.91429891562771, 40.39524738862496), (3301050.0, 5222050.0), (37779, 213420), 229.61271741782946, 49482416.43998656, 1581891.0040160485]
[(28.774321170972236, 26.62174707853592), (2459050.0, 3500050.0), (54999, 205000), 1924.7786885769492, 167733661.89040765, 0.0]
[(28.773470768247655, 26.6216122584291), (2459050.0, 3499950.0), (55000, 205000), 1315.9502270222838, 34213893.78755405, 4.33628785610199]
[(20.384176458779567, 31.77008804478765), (3059350.0, 2499950.0), (65000, 211003), 927.6044415590085, 32841557.199657734, 200.57160169724375]
[(7.088097748697201, 26.593119532689546), (2652650.0, 875550.0), (81244, 206936), 772.4901293867773, 21925893.74504815, 1160.4147701635957]
[(-0.9733701159631517, 33.10770495825043), (3317850.0, -120350.0), (91203, 213588), 780.6977648232381, 141920818.58785877, 1059486.8253734168]
[(-4.045532056709467, 31.113148115965), (3113450.0, -500050.0), (95000, 211544), 444.24542766358326, 59776400.56213006, 1014963.1463652684]
[(-19.21693929377103, 26.301309893486575), (2544250.0, -2358950.0), (113589, 205852), 462.9643614793692, 64013720.82962303, 81019.83637875132]
[(-20.94829188816221, 26.024874246398635), (2500350.0, -2567950.0), (115679, 205413), 177.49647883831386, 51096643.82018883, 51069.422601309605]
[(-30.6526113694545, 27.447981063689614), (2506050.0, -3720150.0), (127201, 205470), 57.21887800367987, 14950771.830504302, 850210.138486174]
[(-46.89881732615822, 37.76836000864242), (2985550.0, -5544950.0), (145449, 210265), 104.12012293500234, 0.0, 0.0]
[(73.60657954932387, 99.3788633714116), (4458950.0, 8065650.0), (9343, 224999), 2164.200083171609, 133938.89250669815, 0.0]
[(66.16712438919679, 63.36172494893007), (3585350.0, 7444850.0), (15551, 216263), 959.894265010475, 9250499.672764797, 1623.4952955897897]
[(47.53224313604283, 49.42650368985063), (3877850.0, 5612650.0), (33873, 219188), 427.39794103388004, 18455737.12209271, 68296.38138389983]
[(44.40021194734248, 54.84736393963619), (4458950.0, 5275050.0), (37249, 224999), 546.2325512087319, 43376996.21475275, 76494.32146575069]
[(29.96494597497816, 45.40245307359584), (4163450.0, 3639750.0), (53602, 222044), 546.5757038142109, 83666395.05532022, 10948.600916430354]
[(28.773470768247655, 39.534834479146134), (3651850.0, 3499950.0), (55000, 216928), 712.1270953980055, 27307339.679912534, 839.7438327246346]
[(19.105351344252373, 46.07531656974157), (4458950.0, 2345450.0), (66545, 224999), 844.8295686113265, 67113947.10883205, 4630.1853212136775]
[(7.322542579910231, 34.688443973662665), (3459050.0, 904450.0), (80955, 215000), 364.0343390396021, 134795412.64626625, 1567815.4797060303]
[(-2.720682628933979, 38.771160470738835), (3883050.0, -336350.0), (93363, 219240), 391.8328725362383, 69493392.80440444, 792011.8498317741]
[(-8.542614101709926, 38.06342073819652), (3788650.0, -1054750.0), (100547, 218296), 488.77909120583297, 39400975.61983599, 212748.0982468892]
[(-12.167005963160067, 35.837826634872854), (3541750.0, -1500050.0), (105000, 215827), 316.63543705656195, 26314131.961552545, 111415.8148585353]
[(-24.27050297223393, 43.90417855215783), (4155450.0, -2966350.0), (119663, 221964), 135.80132547217644, 5994350.266323938, 794537.9607312763]
[(66.79371055973391, 92.7193916855308), (5162450.0, 7500050.0), (14999, 232034), 2397.035877912552, 93353.59883551626, 0.0]
[(66.79257032078935, 98.04170621147854), (5458950.0, 7499950.0), (15000, 234999), 1669.8389143866543, 2962363.8539731293, 0.0]
[(46.48024547529422, 66.63222727182614), (5292950.0, 5500050.0), (34999, 233339), 631.0285255041962, 6249194.889923201, 1712.962650953792]
[(42.89408940020179, 65.12486488724993), (5378450.0, 5110250.0), (38897, 234194), 784.298412595614, 11689537.939223671, 13171.824526787037]
[(30.015347233847745, 59.54868259803634), (5458950.0, 3645650.0), (53543, 234999), 1044.1082319376665, 57938463.64813854, 701.7689543692395]
[(20.385005457595692, 49.91835946559925), (4806950.0, 2500050.0), (64999, 228479), 1294.5926000097481, 27309632.433600456, 15.82323183119297]
[(20.384176458779567, 46.3053952951151), (4459050.0, 2499950.0), (65000, 225000), 1871.8162302961262, 5221462.0455396455, 0.0]
[(10.535540064380891, 45.93672311861671), (4555850.0, 1299850.0), (77001, 225968), 329.5147948120084, 6003427.470239582, 311177.99623032287]
[(3.419035108942778, 44.54031589512244), (4459050.0, 422650.0), (85773, 225000), 213.17832910500073, 10061687.114703123, 1113648.9824344069]
[(-9.377135866028029, 46.39053500468226), (4610950.0, -1157450.0), (101574, 226519), 46.32493928760188, 1667.1011835616082, 51.19622819125652]
[(-14.100913574024178, 49.073471929005976), (4826250.0, -1736750.0), (107367, 228672), 167.14664220378464, 21950352.354026005, 1865566.5873590554]
[(-24.046038379877356, 47.06054950007979), (4459050.0, -2939550.0), (119395, 225000), 120.93386622447825, 6726404.569248339, 727640.6091882642]
[(66.79371055973391, 103.15974120694001), (5743750.0, 7500050.0), (14999, 237847), 2720.771397967863, 12449.665707420558, 0.0]
[(66.79257032078935, 105.19869059955211), (5857450.0, 7499950.0), (15000, 238984), 1879.3448326478033, 1460064.6585469544, 0.0]
[(46.48024547529422, 68.98886259717133), (5480150.0, 5500050.0), (34999, 235211), 628.8409973912325, 10975112.092135586, 245.52137450128794]
[(45.55596227053575, 69.9082250927078), (5611850.0, 5400450.0), (35995, 236528), 669.7223305221352, 62689557.380885325, 4879.295002285857]
[(30.449713968636427, 65.28673715919871), (5968550.0, 3696450.0), (53035, 240095), 709.3215067936401, 97032305.20304152, 452465.7019846849]
[(28.773470768247655, 62.4555874014316), (5769050.0, 3499950.0), (55000, 238100), 609.5153812661334, 62202729.37473655, 97293.98692222964]
[(20.384176458779567, 56.68998288554695), (5459050.0, 2499950.0), (65000, 235000), 414.91444901328754, 60221.532885024324, 2569.7292455993593]
[(-3.8002549849930998, 55.66321142187831), (5571150.0, -469750.0), (94697, 236121), 30.805843601498726, 27.347284868359566, 27.347284868359566]
[(-10.484256568971878, 56.691508610743426), (5623050.0, -1293550.0), (102935, 236640), 35.4400902933387, 111327.48170146346, 264.4649762250483]
[(-19.880456463906878, 57.661060708680665), (5563650.0, -2439150.0), (114391, 236046), 40.26164427839479, 1129313.2187525278, 1088238.6128311702]
[(-20.385005457595692, 57.78471074763703), (5564450.0, -2500050.0), (115000, 236054), 25.80697580112788, 175847.3164442447, 175847.3164442447]
[(66.79371055973391, 116.00677718262214), (6459050.0, 7500050.0), (14999, 245000), 1887.3486694302142, 26840.35305029247, 0.0]
[(66.79257032078935, 116.0033124511583), (6459050.0, 7499950.0), (15000, 245000), 1860.9419657796961, 995519.986254432, 0.0]
[(54.34743728155003, 95.90267996989436), (6856950.0, 6320850.0), (26791, 248979), 909.4492839075745, 4067624.505783476, 700.5122187323868]
[(39.48585803643279, 84.78935057068449), (7234650.0, 4731850.0), (42681, 252756), 1710.4677722775136, 23377785.603316702, 0.0]
[(34.901678092905556, 84.16292992092525), (7458950.0, 4211950.0), (47880, 254999), 2562.822272417656, 285244574.1738046, 0.0]
[(24.141501273128085, 70.30429923704423), (6658350.0, 2950950.0), (60490, 246993), 250.7309314783479, 360424585.15606135, 1948153.2734520957]
[(17.17143807681576, 73.78165190925259), (7189250.0, 2110950.0), (68890, 252302), 77.93587107359485, 124343098.83751455, 12017467.365571242]
[(5.84926415050991, 73.3464772853388), (7327350.0, 722750.0), (82772, 253683), 48.46648326421054, 1626355.0960214022, 103044.26506130179]
[(0.2883262252252393, 73.40755644825481), (7357050.0, 35650.0), (89643, 253980), 45.39823785126467, 122058.35727461748, 29970.434951177267]
[(66.79371055973391, 138.71763555148843), (7723550.0, 7500050.0), (14999, 257645), 1355.7746862956249, 14276.231178454123, 0.0]
[(66.79257032078935, 148.87515316757245), (8289350.0, 7499950.0), (15000, 263303), 1286.2301504785214, 540413.8314302885, 0.0]
[(55.12025091315377, 119.74810489604515), (8458950.0, 6398650.0), (26013, 264999), 1272.1045554513198, 5425037.023347161, 0.3455016687512398]
[(40.75981666653148, 91.3722834109969), (7705450.0, 4874150.0), (41258, 257464), 1764.0283444434785, 2224526.2814095826, 0.0]
[(35.88669757881578, 87.06122331359454), (7657250.0, 4324650.0), (46753, 256982), 2552.0321314591633, 3502942.7873063, 0.0]
[(28.773470768247655, 91.57637584166196), (8458950.0, 3499950.0), (55000, 264999), 327.6858251435359, 616985226.5528928, 20055.366576722823]
[(15.745579078916087, 78.80031048776478), (7713250.0, 1937450.0), (70625, 257542), 127.88275880665071, 205620676.16356623, 7484634.454121916]
[(9.195054378941329, 77.22168731960357), (7677850.0, 1135050.0), (78649, 257188), 110.07270324653611, 132063906.07646434, 29061949.990196243]
[(66.79371055973391, 151.92747052997885), (8459050.0, 7500050.0), (14999, 265000), 1697.342923513101, 19179.406702899374, 0.0]
[(66.79257032078935, 160.46821068953352), (8934850.0, 7499950.0), (15000, 269758), 1597.8200774805655, 129905.93822759017, 0.0]
[(56.134788392980646, 132.7467057451021), (9224350.0, 6499950.0), (25000, 272653), 1234.3439553058136, 3008972.63679299, 9.741813743952662]
[(40.35687555248168, 101.89715008412117), (8625450.0, 4829250.0), (41707, 266664), 737.4944067584513, 21148479.918803692, 3875.2359819979465]
[(35.11892078481345, 95.60574147402482), (8459050.0, 4236850.0), (47631, 265000), 627.8893214572136, 32590741.74752516, 14345.833257043734]
[(28.251814965773292, 98.08838603719687), (9088350.0, 3438550.0), (55614, 271293), 336.3287082602376, 235283751.9303316, 123504.97112580738]
[(20.384176458779567, 93.73699911441254), (9026550.0, 2499950.0), (65000, 270675), 283.21193477676746, 26814322.64787442, 757006.9664192963]
[(7.090531194849601, 93.75968615774988), (9352450.0, 875850.0), (81241, 273934), 123.22743201089601, 285356.8589587491, 8040.020308312029]
[(66.79371055973391, 169.8878172036572), (9459050.0, 7500050.0), (14999, 275000), 823.5198843986707, 95.98655914142728, 3.220708169043064]
[(65.75471364920575, 167.5695025451352), (9580850.0, 7408250.0), (15917, 276218), 870.175269701455, 114014.02044510376, 76.49802626203746]
[(54.68450770561617, 132.9900606603662), (9459050.0, 6354850.0), (26451, 275000), 1049.6361274270241, 19750388.499092717, 14.808018773794174]
[(46.148290272893355, 118.62531632045611), (9459050.0, 5464350.0), (35356, 275000), 423.985848820453, 216685384.8184037, 26654.346575679723]
[(32.64321196567775, 104.99201472852441), (9459050.0, 3951650.0), (50483, 275000), 152.31546211727817, 397489604.7576782, 2265850.2647776883]
[(20.385005457595692, 98.36366027858193), (9472050.0, 2500050.0), (64999, 275130), 254.54469155729805, 168384826.394352, 126251.1081598401]
[(13.608502928162256, 98.77755388691693), (9727250.0, 1676550.0), (73234, 277682), 252.62026838715852, 94972020.25261238, 1501362.4554390889]
[(12.166190132226786, 103.54473819514722), (10233050.0, 1499950.0), (75000, 282740), 270.7655812691118, 35718914.6368269, 218280.2368205269]
[(0.48890247320105734, 102.52842157504134), (10275450.0, 60450.0), (89395, 283164), 247.19425559668656, 67225040.13307247, 2248993.369204063]
[(-4.3418454306492755, 103.369758111472), (10341650.0, -536650.0), (95366, 283826), 138.03260484392808, 2232650.881568294, 1373341.919715738]
[(-12.174348484662888, 96.92189075207781), (9578350.0, -1500950.0), (105009, 276193), 33.13608305156178, 107.27758543356322, 107.27758543356322]
[(-33.17220783207463, 116.52328634265614), (10458950.0, -4012850.0), (130128, 284999), 157.25775020646836, 564252.9006362831, 381429.04195756867]
[(62.27730096225525, 174.1365007843084), (10785150.0, 7091550.0), (19084, 288261), 1085.6081245090238, 23655.80290716747, 28.78742077574134]
[(48.20996973381097, 138.23520753357658), (10756550.0, 5684750.0), (33152, 287975), 773.2173045140673, 1557713.6579823608, 63197.44242537441]
[(46.47931458238613, 136.77842293428932), (10865150.0, 5499950.0), (35000, 289061), 699.0457781862358, 63450449.67867554, 10223.305202237796]
[(31.243389779124495, 120.10215284917476), (10923450.0, 3789050.0), (52109, 289644), 139.52060779684126, 290510592.34983516, 44376564.36493815]
[(24.449009516896442, 121.17484423348856), (11458950.0, 2987650.0), (60123, 294999), 102.2154587134451, 289253141.5379429, 13848172.591830196]
[(14.345633119767715, 107.09881850762059), (10525850.0, 1766650.0), (72333, 285668), 294.4163718273833, 25230651.13566614, 1599691.8054819263]
[(4.045532056709467, 108.15927400823196), (10823350.0, 500050.0), (84999, 288643), 111.00450441310929, 44603056.439572364, 3869.707942161709]
[(1.2346208187854715, 114.35119115154923), (11458950.0, 152650.0), (88473, 294999), 428.23941901697935, 16839224.28848881, 9777.596962647513]
[(-4.920840398706683, 105.73510230805472), (10572950.0, -608150.0), (96081, 286139), 128.09761902549164, 165807738.60476607, 7252076.147785887]
[(-20.384176458779567, 118.92066247996881), (11451650.0, -2499950.0), (114999, 294926), 74.21590126111789, 9352.893769880291, 9352.742530142423]
[(-24.685490143440482, 121.31670048376542), (11458950.0, -3015850.0), (120158, 294999), 1113.9699277808177, 157929.26219886442, 0.6538977297022939]
[(-29.53393853098767, 124.62640387280742), (11458950.0, -3589250.0), (125892, 294999), 1201.600599200916, 2194244.867552555, 0.0]
[(-54.557490987421914, 158.88792772441172), (11323450.0, -6342050.0), (153420, 293644), 29.966648127543394, 0.0, 0.0]
[(52.16476965916105, 157.2984528878864), (11616050.0, 6098250.0), (29017, 296570), 335.4519339637201, 253388.85854704212, 210816.74014725257]
[(45.864347855342956, 149.921952685797), (11993250.0, 5433750.0), (35662, 300342), 149.78985279383915, 14259218.0197472, 5303.606152374297]
[(36.98376552413411, 139.0841765844859), (12125350.0, 4449550.0), (45504, 301663), 91.76055797563569, 102571460.31391522, 4871003.656907859]
[(23.63267570952949, 121.09436532129605), (11496550.0, 2890150.0), (61098, 295375), 141.15594213493105, 9198882.113447897, 724501.4026944134]
[(15.447752829917887, 120.15606883996085), (11771850.0, 1901150.0), (70988, 298128), 122.18837915284743, 72237439.28220162, 15294689.692629421]
[(4.045532056709467, 115.99989326076087), (11607950.0, 500050.0), (84999, 296489), 368.0489097932502, 47320308.06096939, 52430.50841319817]
[(1.951297106071444, 115.85197218360254), (11606850.0, 241250.0), (87587, 296478), 681.8482235805855, 22271363.2789792, 23990.138880933635]
[(-8.333892497270233, 118.09419276221338), (11758450.0, -1029050.0), (100290, 297994), 118.86967653695369, 24353126.454428047, 1308418.8648137506]
[(-20.384176458779567, 122.628998708512), (11808750.0, -2499950.0), (114999, 298497), 1351.5343132898995, 34667.09943528964, 0.17617171350866556]
[(-28.773470768247655, 130.21860873454207), (12028350.0, -3499950.0), (124999, 300693), 2254.880262896458, 15007.922189059143, 0.0]
[(-28.774321170972236, 132.0564453554564), (12198050.0, -3500050.0), (125000, 302390), 1283.3962755127507, 1864043.4491664579, 0.0]
[(-42.30837135593606, 146.0109908785241), (12129850.0, -5045750.0), (140457, 301708), 244.62420158275427, 865960.4139819246, 291043.521899502]
[(-52.55985488395484, 169.1274215993656), (12419150.0, -6138850.0), (151388, 304601), 49.03060268852505, 0.0, 0.0]
[(52.86826599440532, 172.9935519311767), (12646350.0, 6170450.0), (28295, 306873), 103.40696301506973, 254.78053848189302, 26.886388381477445]
[(31.886343221410076, 139.9179862216588), (12671250.0, 3863850.0), (51361, 307122), 21.93171219946131, 10745.654471424408, 245.99960686825216]
[(26.556646151396272, 142.17710083069102), (13299450.0, 3238250.0), (57617, 313404), 41.23105625617661, 3256.6856482960284, 1086.1124525628984]
[(8.195039161200505, 125.47088492350176), (12495650.0, 1011950.0), (79880, 305366), 129.4488315899375, 15216108.285753649, 5348383.603901574]
[(-1.1666785972716407, 133.36252257038413), (13364250.0, -144250.0), (91442, 314052), 278.0017985553331, 7863923.682814386, 500909.6887469273]
[(-12.166190132226786, 133.15496851557558), (13159350.0, -1499950.0), (104999, 312003), 254.44842306447882, 1897788.1179870602, 675.2304649469443]
[(-20.384176458779567, 131.9034738855267), (12701850.0, -2499950.0), (114999, 307428), 1709.333495839826, 223812.38354355286, 0.0]
[(-25.230382358296644, 136.98949350512595), (12903850.0, -3080750.0), (120807, 309448), 1526.0461985143177, 62553.80140807446, 0.0]
[(-28.774321170972236, 139.59244427429448), (12894150.0, -3500050.0), (125000, 309351), 1021.6418159022271, 2717825.095181702, 1.9584232419729233]
[(-45.93852897764218, 166.94532960148695), (13343850.0, -5441750.0), (144417, 313848), 247.29132617218906, 6603080.924713245, 85261.48973861348]
[(-47.032380386282846, 167.97808996301418), (13257650.0, -5559250.0), (145592, 312986), 120.3536455617361, 4274.749118132531, 2608.5663079881488]
[(20.5408874897577, 144.89888482702813), (13944450.0, 2518850.0), (64811, 319854), 28.42534080710379, 0.0, 0.0]
[(16.349951654874495, 145.67698592584435), (14232650.0, 2011050.0), (69889, 322736), 55.60575509783138, 231924.00001111365, 0.0]
[(9.978919088195065, 139.6186822941391), (13861950.0, 1231450.0), (77685, 319029), 34.0, 12946.471947855267, 1714.585466589051]
[(-2.647862892819737, 136.88096343886252), (13709550.0, -327350.0), (93273, 317505), 440.2646931108603, 6507585.425370488, 326293.0459192358]
[(-7.371222113912095, 142.10732436520033), (14169650.0, -910450.0), (99104, 322106), 440.06931272243924, 8139258.047285229, 47007.65497455001]
[(-16.682001624983904, 142.73337295681768), (13930250.0, -2051450.0), (110514, 319712), 604.7974867672649, 607002.7356432609, 81.84459791809786]
[(-23.34679245548985, 141.5751722947), (13459050.0, -2855950.0), (118559, 315000), 390.6430595825299, 5312654.241892154, 17.381766768870875]
[(-30.852241388469356, 149.35326300540302), (13618650.0, -3743450.0), (127434, 316596), 172.67889274604468, 7025134.87202262, 41868.942846033664]
[(-45.33409201566689, 167.24889965030553), (13459050.0, -5376450.0), (143764, 315000), 198.0, 1025005.2666217308, 32446.49333238558]
[(-49.67933193898876, 178.76730805850033), (13654650.0, -5839850.0), (148398, 316956), 30.675723300355934, 87.97954691841733, 0.0]
[(24.30401803833067, 153.9748249334551), (14571050.0, 2970350.0), (60296, 326120), 21.93171219946131, 151.81636053696275, 151.81636053696275]
[(5.499218183713139, 153.49177502562102), (15339650.0, 679550.0), (83204, 333806), 36.89173349139343, 58018.791597158066, 7545.72590782959]
[(-2.0863934929130763, 146.87553343594527), (14714250.0, -257950.0), (92579, 327552), 128.16005617976296, 307130.39252476394, 58794.65619212948]
[(-5.846832992253646, 149.98132459488474), (14983250.0, -722450.0), (97224, 330242), 251.76576415390556, 5780899.671578188, 268026.197563868]
[(-19.914405058413244, 158.3880102246855), (15280650.0, -2443250.0), (114432, 333216), 40.24922359499622, 0.0, 0.0]
[(-22.134772213784764, 152.75781363446137), (14602150.0, -2710650.0), (117106, 326431), 32.202484376209235, 124.16453629304306, 0.0]
[(-35.86830148355368, 175.2664330102489), (15417350.0, -4322550.0), (133225, 334583), 212.08488866489287, 2244943.566070856, 151581.6020908817]
[(-39.23444067491624, 176.1685218322913), (15065450.0, -4703650.0), (137036, 331064), 195.6016359849784, 2131882.483400197, 225359.2910920058]
[(9.843075001644966, 160.86588535880855), (15975550.0, 1214750.0), (77852, 340165), 52.46903848937962, 51811.84389052572, 0.0]
[(-3.1317424943392753, 154.48605749019103), (15468750.0, -387150.0), (93871, 335097), 44.9221548904324, 1054.4580101355823, 740.0957766138017]
[(-7.069441491541436, 156.94576489246555), (15655650.0, -873250.0), (98732, 336966), 130.31116606031887, 1136139.5177542698, 65279.072361500934]
[(-14.937805654922213, 166.67873298809332), (16354150.0, -1838950.0), (108389, 343951), 98.08159868191383, 354112.770361579, 88908.42669030186]
[(-21.882531907162104, 166.4564072926071), (15929150.0, -2680350.0), (116803, 339701), 120.81390648431164, 309453.7417510529, 283258.02615038585]
[(-29.118951261526103, 167.95271306982968), (15481750.0, -3540550.0), (125405, 335227), 25.942243542145693, 1854.3153147005942, 1854.3153147005942]
[(-37.680733958516214, 178.46231948637535), (15468450.0, -4528550.0), (135285, 335094), 54.20332093147061, 763.8948521334678, 763.8948521334678]
[(14.610110566331157, 168.99672156696903), (16597050.0, 1798950.0), (72010, 346380), 42.485291572496, 0.0, 0.0]
[(9.38851716574699, 170.0712208174898), (16903750.0, 1158850.0), (78411, 349447), 42.80186911806539, 44345.530207385775, 943.0132797034457]
[(0.18642112866851934, 173.59737321061306), (17398350.0, 23050.0), (89769, 354393), 37.656340767525464, 139442.9108187706, 4295.739957925922]
[(-10.718722183652995, 166.01839996025873), (16459050.0, -1322350.0), (103223, 345000), 70.51950084905593, 13711.637476206815, 11166.955248516053]
[(-18.109749318606134, 177.73220658679622), (17262450.0, -2224850.0), (112248, 353034), 94.82615672903758, 897955.4406773971, 804898.3861313876]
[(-0.540664420433438, 174.20724168727628), (17459050.0, -66850.0), (90668, 355000), 40.607881008493905, 10101.60136648477, 3777.4142937213182]
[(-9.396646753118253, 179.8532676995404), (17875750.0, -1159850.0), (101598, 359167), 42.720018726587654, 11917.000003413297, 127.45011481642723]
[(-16.754358383928746, 178.9324415965372), (17459050.0, -2060250.0), (110602, 355000), 72.83543093852057, 110758.90781920124, 102082.85387760215]
