[(28.390205044489797, -178.3126328460097), (-16508150.0, 3454850.0), (55451, 15328), 29.966648127543394, 0.0, 0.0]
[(-4.508642311524035, -172.16658882057388), (-17222050.0, -557250.0), (95572, 8189), 57.982756057296896, 7.965494930744171, 0.0]
[(-8.567793571112851, -172.48623055967317), (-17167750.0, -1057850.0), (100578, 8732), 46.95742752749558, 2050.3429919239134, 1306.4819224774837]
[(-13.596238618524717, -172.4374611818673), (-16981550.0, -1675050.0), (106750, 10594), 122.53978945632312, 412291.7395718403, 234806.40401296038]
[(-21.416789925536072, -174.9271589704924), (-16773250.0, -2624350.0), (116243, 12677), 42.190046219457976, 7494.075202170759, 7494.075202170759]
[(27.925211923600592, -175.73047925895006), (-16313050.0, 3400050.0), (55999, 17279), 24.166091947189145, 0.0, 0.0]
[(23.861887854306005, -166.23935170610847), (-15765350.0, 2917550.0), (60824, 22756), 35.84689665786984, 0.0, 0.0]
[(3.9321992859878647, -159.34058115782443), (-15946350.0, 486050.0), (85139, 20946), 42.95346318982906, 5281.990754270926, 5281.990754270926]
[(1.832383377488014, -157.40064871585227), (-15770150.0, 226550.0), (87734, 22708), 93.98404119849285, 7243.531459629536, 7243.531459629536]
[(-5.640199152408789, -155.87731767862766), (-15575750.0, -696950.0), (96969, 24652), 55.0, 880.9132931460626, 0.0]
[(-19.04998132263435, -169.85284139085985), (-16440950.0, -2338750.0), (113387, 16000), 51.264022471905186, 4847.762450149126, 600.9485972689763]
[(-29.268852443400775, -177.90822631311448), (-16384550.0, -3558150.0), (125581, 16564), 56.568542494923804, 0.0, 0.0]
[(-30.23586010515067, -178.4245703136183), (-16333850.0, -3671450.0), (126714, 17071), 25.553864678361276, 0.0, 0.0]
[(19.55684124327735, -155.56025384459394), (-15028650.0, 2400050.0), (65999, 30123), 267.01685340067957, 1614193.366649266, 190666.90464552763]
[(19.55601390190735, -155.50490034497918), (-15023350.0, 2399950.0), (66000, 30176), 165.19382555047267, 64396.131440499594, 64396.131440499594]
[(-9.979732590849766, -150.21675754181112), (-14914150.0, -1231550.0), (102315, 31268), 39.0, 0.0, 0.0]
[(-17.68608371239289, -149.49817025262843), (-14541650.0, -2173450.0), (111734, 34993), 60.30754513325841, 300947.83696524426, 247720.03387741465]
[(-21.922479399029704, -157.90871816154154), (-15108550.0, -2685150.0), (116851, 29324), 37.013511046643494, 9099.220946479123, 671.6404696926475]
[(-43.76149724245649, -176.4326666681735), (-14441050.0, -5205350.0), (142053, 35999), 58.69412236331676, 55.38790176063776, 55.38790176063776]
[(-9.778007582772352, -139.10895771660597), (-13816550.0, -1206750.0), (102067, 42244), 70.40596565632774, 7276.371871844865, 2779.503745302558]
[(-14.424226859250894, -144.9349348695328), (-14241350.0, -1776250.0), (107762, 37996), 63.97655820689325, 13145.49320757068, 1664.095199111849]
[(-21.71612974006288, -140.59750607282916), (-13464250.0, -2660350.0), (116603, 45767), 44.94441010848846, 2541.1869060676545, 7.487002372741699]
[(-44.05075437272842, -176.49606435072386), (-14402250.0, -5236950.0), (142369, 36387), 67.08203932499369, 579.1416983818635, 579.1416983818635]
[(51.83683798256647, -177.9895314787564), (-13205050.0, 6064450.0), (29355, 48359), 90.24965373894794, 495.4777291335631, 64.36925601959229]
[(-18.5577432980236, -136.32428120485682), (-13219450.0, -2279150.0), (112791, 48215), 42.43819034784589, 828.2728264629841, 544.4944022297859]
[(-21.872545699722092, -138.9757724480035), (-13299950.0, -2679150.0), (116791, 47410), 52.172789842982326, 3146.8900761529803, 202.75056007504463]
[(55.13420734901904, -161.9997561931917), (-11441050.0, 6400050.0), (25999, 65999), 238.6063704095094, 888.4941703684162, 144.63743031327613]
[(54.76694788233607, -164.03267995269994), (-11651950.0, 6363150.0), (26368, 63890), 174.54512310574592, 8304.127636672813, 46.87324023048859]
[(-24.353458903738716, -128.33080050259588), (-12141350.0, -2976250.0), (119762, 58996), 47.01063709417264, 71.62988330889493, 0.0]
[(59.43223281958671, -160.42762795816435), (-10517950.0, 6822350.0), (21776, 75230), 433.48471714698314, 15759.787883016326, 7929.787424154432]
[(55.13321040157683, -161.99577403159034), (-11440950.0, 6399950.0), (26000, 66000), 102.1420579389313, 0.0, 0.0]
[(39.808206014743824, -122.72540008096084), (-10441050.0, 4767950.0), (42320, 75999), 139.12943613772032, 13063013.691495288, 150688.9312526527]
[(31.622254488528974, -115.40911671236648), (-10470250.0, 3833150.0), (51668, 75707), 231.71750041807374, 27125415.4160572, 1266615.318035102]
[(27.170781784031767, -113.89815564933393), (-10618350.0, 3310950.0), (56890, 74226), 247.67922803497268, 1251799.2061152256, 48606.75596197584]
[(18.77653977401051, -110.98141810221736), (-10753350.0, 2305650.0), (66943, 72876), 82.63776376451628, 0.0, 0.0]
[(65.66263932174726, -175.78076251995566), (-10073350.0, 7400050.0), (15999, 79676), 515.9467026738324, 1829.812629647553, 11.273817837238312]
[(62.868166246891, -157.445026703068), (-9628150.0, 7146350.0), (18536, 84128), 825.4513916639792, 510392.09598760307, 899.8457998817275]
[(51.31666539590386, -126.33783543437717), (-9441050.0, 6010650.0), (29893, 85999), 416.8572897287512, 10785468.158150185, 2433.704539592126]
[(37.36723872683389, -116.27016420398995), (-10104350.0, 4493050.0), (45069, 79366), 665.0090224951839, 11211309.356857436, 7424.664787756527]
[(35.65904922845769, -116.69034374484467), (-10281550.0, 4298650.0), (47013, 77594), 469.2941508265365, 20754344.46766856, 102351.46270032413]
[(27.924364092904565, -102.08240737298289), (-9476350.0, 3399950.0), (56000, 85646), 235.4591259645716, 50195938.489889726, 10085.33687509385]
[(17.951447700586453, -97.14990719262885), (-9441050.0, 2205650.0), (67943, 85999), 126.01587201618692, 35922632.169228904, 1114020.0310821342]
[(-27.078622803825738, -109.384237405652), (-10202750.0, -3300050.0), (123000, 78382), 51.0, 7836.298278328031, 7836.298278328031]
[(65.66263932174726, -150.46244157010247), (-8622450.0, 7400050.0), (15999, 94185), 932.2145675755127, 12159.70913405461, 251.7121329219527]
[(58.168374033976036, -125.7962134453066), (-8441050.0, 6700050.0), (22999, 95999), 1232.1465010298086, 454163.60081147455, 78.96029588580132]
[(53.25981905537878, -127.11596462071051), (-9239250.0, 6210450.0), (27895, 88017), 726.2265486747232, 7174645.673237026, 14269.255907699151]
[(41.35197700441427, -108.03905037783257), (-9059750.0, 4939950.0), (40600, 89812), 318.1980515339464, 9753498.121933367, 70132.62820409673]
[(28.379165292392855, -101.96974075734516), (-9440950.0, 3453550.0), (55464, 86000), 344.3617284194049, 33855710.2034199, 57461.58406582585]
[(26.981421994477046, -97.57508791771161), (-9106150.0, 3288550.0), (57114, 89348), 204.215572373901, 18543604.006624978, 1317839.3419119196]
[(18.081712779596995, -89.87779253829635), (-8730350.0, 2221450.0), (67785, 93106), 348.919761549844, 64211333.98585643, 208661.66816611687]
[(11.350827153561106, -85.25598837755554), (-8441050.0, 1399950.0), (76000, 95999), 276.39102735074454, 445958.25899049547, 185259.85667984514]
[(-0.8552842324563666, -91.27846097563557), (-9147550.0, -105750.0), (91057, 88934), 196.66468925559565, 41661.93596270401, 28971.137678562663]
[(65.66263932174726, -137.19863582609293), (-7862350.0, 7400050.0), (15999, 101786), 1777.0438936616056, 13624.86267301786, 0.0]
[(65.66151718663187, -129.84330509667464), (-7441050.0, 7399950.0), (16000, 105999), 1775.297439867472, 431488.02399261034, 0.0]
[(54.76595426169287, -105.74512403253267), (-7511650.0, 6363050.0), (26369, 105293), 413.19244910816076, 6002090.407239243, 7693.828419108904]
[(45.551336660710135, -104.81051271079346), (-8414050.0, 5399950.0), (36000, 96269), 138.49548729110273, 25811133.720415093, 11492.84151006116]
[(29.47766042834681, -91.08845240785747), (-8378150.0, 3582650.0), (54173, 96628), 198.00252523642217, 44632863.45065339, 1004743.482269614]
[(26.309487742892177, -80.64131296390514), (-7553350.0, 3208950.0), (57910, 104876), 230.67292862405853, 19834970.49502555, 7150598.109711932]
[(11.351642060797118, -85.25512868254734), (-8440950.0, 1400050.0), (75999, 96000), 349.32220084042757, 5357712.732870723, 276922.93214271776]
[(11.350827153561106, -85.25497836116686), (-8440950.0, 1399950.0), (76000, 96000), 253.144227664784, 29843464.83041524, 252575.32904411107]
[(-2.935106251456516, -74.30526146703463), (-7441050.0, -362850.0), (93628, 105999), 797.7624959848639, 25609809.243691172, 3301.7994918189943]
[(-4.855238694804025, -74.40994735705915), (-7441050.0, -600050.0), (96000, 105999), 460.3009884847088, 25012845.336596534, 3492.714029841125]
[(-14.07063756422494, -76.14979027924363), (-7489750.0, -1733050.0), (107330, 105512), 128.03515142334936, 977374.7158174757, 796328.7734643864]
[(-26.3145469944573, -80.08298077244304), (-7500850.0, -3209550.0), (122095, 105401), 26.076809620810597, 26.01190724223852, 26.01190724223852]
[(65.66263932174726, -115.87289316097778), (-6640250.0, 7400050.0), (15999, 114007), 3476.4812670284878, 6938.652808049995, 0.0]
[(65.66151718663187, -112.39371060440882), (-6441050.0, 7399950.0), (16000, 115999), 3029.221021979083, 78572.41751277787, 0.0]
[(55.13321040157683, -91.90443715736411), (-6490750.0, 6399950.0), (26000, 115502), 1306.981254647518, 2614916.4522706536, 0.0]
[(45.551336660710135, -82.81588202836964), (-6648350.0, 5399950.0), (36000, 113926), 718.465726392011, 85695888.6098689, 50943.152530448366]
[(31.995675164098586, -81.56974389772098), (-7381650.0, 3876550.0), (51234, 106593), 128.09761902549164, 21657881.18009041, 1025820.531776662]
[(24.495118334896315, -77.96744666195633), (-7371350.0, 2993150.0), (60068, 106696), 189.66285877841239, 7939368.746637899, 330232.34157840814]
[(19.15659556925584, -71.14806910999008), (-6884050.0, 2351650.0), (66483, 111569), 135.8712625980932, 24611748.300656166, 7119908.94796482]
[(3.236135327164526, -64.45648707404649), (-6453650.0, 400050.0), (85999, 115873), 635.4163989070474, 52161346.7092484, 5352.136453601532]
[(3.23532606472528, -64.33061160049442), (-6441050.0, 399950.0), (86000, 115999), 814.8993802918247, 1869831.1656035194, 4089.2594155073166]
[(-10.936153394213397, -71.94020339468074), (-7128950.0, -1349050.0), (103490, 109120), 826.0750571225353, 4630077.894100145, 2817.146421507001]
[(-12.983327609542016, -68.71866620960604), (-6777950.0, -1600050.0), (106000, 112630), 533.8857555694851, 12554686.570702944, 12655.911110630259]
[(-25.01701795539827, -68.96064220784659), (-6502850.0, -3055350.0), (120553, 115381), 487.95491595023407, 938055.5833748537, 2189.186539423652]
[(-29.626055556270465, -70.09196925287932), (-6441050.0, -3600050.0), (126000, 115999), 266.9082239272518, 870508.1022641556, 496212.52287341096]
[(65.66263932174726, -112.39509223375624), (-6440950.0, 7400050.0), (15999, 116000), 2784.5676504620965, 4972.776269727322, 0.0]
[(65.66151718663187, -112.39196564495958), (-6440950.0, 7399950.0), (16000, 116000), 3241.1136974811607, 14850.302829382133, 0.0]
[(55.13321040157683, -91.19930431902698), (-6440950.0, 6399950.0), (26000, 116000), 3577.1211888891885, 5719345.240685249, 0.0]
[(43.6271153847309, -77.5711681807), (-6358150.0, 5190650.0), (38093, 116828), 381.3790765104976, 56487505.51653795, 2366447.571281919]
[(32.32310517384389, -64.80529528483197), (-5851450.0, 3914550.0), (50854, 121895), 19.697715603592208, 62806.0000082273, 62806.0000082273]
[(16.11173201665005, -61.676924874631396), (-6030350.0, 1982050.0), (70179, 120106), 62.07253821135398, 3879298.5650698785, 467828.0360734092]
[(6.402055846239721, -64.51485623967643), (-6440950.0, 790950.0), (82090, 116000), 800.5060899206202, 9509037.412615139, 5930.59990683943]
[(0.00849206303904691, -54.28956825571898), (-5441050.0, 1050.0), (89989, 125999), 1100.1695323903493, 5302707.87606114, 0.0]
[(-5.423061393394112, -58.534246397973206), (-5850250.0, -670150.0), (96701, 121907), 823.4615959472549, 2853500.665443141, 6561.667822239298]
[(-19.195446041603493, -61.391291438940286), (-5939150.0, -2356350.0), (113563, 121018), 775.1264412984503, 9010157.376826938, 911.1294379550964]
[(-24.24201780701068, -68.04205189973878), (-6440950.0, -2962950.0), (119629, 116000), 556.6444107327405, 9985539.815467544, 861.1294139074162]
[(-30.507056902861816, -62.59254761994), (-5720150.0, -3703150.0), (127031, 123208), 365.60361048545457, 26905439.13094372, 219722.43807737972]
[(-46.361139124473326, -74.70849793850039), (-5942650.0, -5487250.0), (144872, 120983), 313.66542684841755, 4203499.41061064, 4915.417828237638]
[(-48.53543653790565, -73.25680378303683), (-5677450.0, -5719250.0), (147192, 123635), 402.1989557420556, 48263.68050570274, 5898.165919614956]
[(65.66263932174726, -94.5593655518037), (-5418850.0, 7400050.0), (15999, 126221), 1938.2076772110877, 5230.308415500278, 0.0]
[(55.13420734901904, -62.88312849273221), (-4441050.0, 6400050.0), (25999, 135999), 2299.5025549018205, 15058.74080216419, 0.0]
[(55.13321040157683, -76.16355008147278), (-5379050.0, 6399950.0), (26000, 126619), 4269.391642845618, 1626943.5527603426, 0.0]
[(44.35155340843876, -65.40151516677248), (-5319750.0, 5269750.0), (37302, 127212), 152.0690632574555, 947050.4206341485, 199842.0010813967]
[(4.327271624643566, -53.35174044066901), (-5337650.0, 534850.0), (84651, 127033), 570.4778698599973, 414582.93032038794, 51409.497384239454]
[(1.9868909484771282, -54.30871365645175), (-5440950.0, 245650.0), (87543, 126000), 1236.6996401713716, 10900485.442302119, 0.0]
[(-9.037387793246772, -52.73485996252568), (-5244650.0, -1115650.0), (101156, 127963), 775.1670787643138, 5630272.352005085, 2263.904331868237]
[(-13.35018577588111, -52.829709513278544), (-5205950.0, -1644950.0), (106449, 128350), 210.77238908357992, 22178521.758079186, 58612.718073810945]
[(-28.359634489459786, -57.09887992703715), (-5287150.0, -3451250.0), (124512, 127538), 164.7573974060042, 53543795.2546114, 211113.16834145063]
[(-32.674296480534316, -52.84626498769642), (-4760050.0, -3955250.0), (129552, 132809), 191.2066944434739, 31776988.601277437, 370499.3641944735]
[(-47.35512507675016, -68.05420242070204), (-5350650.0, -5593750.0), (145937, 126903), 148.62705002791384, 1529848.2034760742, 132366.12886466924]
[(-52.949406043442515, -72.19541221785542), (-5271450.0, -6178750.0), (151787, 127695), 270.8228203087768, 618577.125788287, 1959.5636666649953]
[(69.87041104593413, -73.6091439728609), (-3755750.0, 7763650.0), (12363, 142852), 1735.5852039009783, 8607.424574376817, 0.0]
[(55.13420734901904, -62.881712540907934), (-4440950.0, 6400050.0), (25999, 136000), 1812.8654114412354, 13835.489975024655, 0.0]
[(55.13321040157683, -62.88071643400165), (-4440950.0, 6399950.0), (26000, 136000), 1789.5502228213659, 472911.48909681913, 0.0]
[(-2.5968900558751637, -42.90916724148252), (-4297750.0, -321050.0), (93210, 137432), 102.88342918079665, 11021643.767174914, 436352.1622707789]
[(-8.92849951659651, -43.52647918265218), (-4329650.0, -1102250.0), (101022, 137113), 304.8032152061392, 40578906.762974866, 211204.993154165]
[(-13.893921592349313, -45.13060845116968), (-4440950.0, -1711450.0), (107114, 136000), 231.62469643800938, 25526662.38028363, 156171.49455566576]
[(-23.299168084308935, -45.00114821859933), (-4279050.0, -2850250.0), (118502, 137619), 74.41102068914255, 43843269.32899487, 3901500.356887616]
[(-51.932797590416314, -59.329883990137006), (-4395750.0, -6074350.0), (150743, 136452), 213.56497840235883, 3804.370357930311, 3804.370357930311]
[(65.66263932174726, -42.59651757849551), (-2441050.0, 7400050.0), (15999, 155999), 3522.092701789662, 23993.568829318305, 0.0]
[(65.66151718663187, -47.015314920236435), (-2694350.0, 7399950.0), (16000, 153466), 2666.369254248181, 31076.64975163316, 0.0]
[(38.48219594052742, -28.422593628738962), (-2446750.0, 4619050.0), (43809, 155942), 57.3149195236284, 23209.577103727555, 18160.206399177638]
[(16.92789302730787, -25.2604341164318), (-2463350.0, 2081350.0), (69186, 155776), 41.10960958218893, 37552.47050805995, 37552.47050805995]
[(-3.8617740487617103, -33.804674729623876), (-3383250.0, -477350.0), (94773, 146577), 40.792156108742276, 3118.34395423159, 0.0]
[(-20.51683792094426, -29.31837712287103), (-2821750.0, -2515950.0), (115159, 152192), 43.139309220245984, 0.0, 0.0]
[(78.12164770676898, -48.418067793930845), (-1768150.0, 8399950.0), (6000, 162728), 6644.261433748675, 717.7459767715482, 0.0]
[(65.66151718663187, -42.59358767589627), (-2440950.0, 7399950.0), (16000, 156000), 783.4755899196861, 2395.0903134942055, 0.0]
[(37.8053867704901, -25.27050175389771), (-2188050.0, 4542650.0), (44573, 158529), 42.95346318982906, 194724.4214082411, 135541.01633454862]
[(32.803859295402276, -17.17429893688162), (-1545550.0, 3970250.0), (50297, 164954), 48.010415536631214, 1389196.2175482134, 258135.872280921]
[(22.4055182512542, -15.093373804122809), (-1441050.0, 2743150.0), (62568, 165999), 493.85220461186566, 559738.4775292045, 5711.802241049125]
[(19.55601390190735, -15.721434825719406), (-1518850.0, 2399950.0), (66000, 165221), 274.9254444390333, 25726453.962724864, 5753.118582129129]
[(11.350827153561106, -16.05471550642911), (-1589550.0, 1399950.0), (76000, 164514), 60.876925020897694, 332324.5340851117, 100762.84057150874]
[(78.12164770676898, -39.45819912771238), (-1440950.0, 8399950.0), (6000, 166000), 4040.1011125960695, 41228.2564368397, 0.0]
[(65.15049751977301, -16.349399538013607), (-948750.0, 7354250.0), (16457, 170922), 329.1959902550455, 452033.6649151509, 5355.8258327613585]
[(54.59716812684093, -6.408750981537711), (-456450.0, 6346050.0), (26539, 175845), 69.31089380465383, 6176426.454574305, 1524655.1808426229]
[(38.04430453794919, -5.184032690214635), (-447950.0, 4569650.0), (44303, 175930), 69.20260110718382, 17334344.608042106, 1851251.2833900542]
[(27.925211923600592, -4.751161056771108), (-441050.0, 3400050.0), (55999, 175999), 1318.6603050065623, 36411908.22292316, 0.0]
[(20.158751544098266, -4.576004078600549), (-441050.0, 2472750.0), (65272, 175999), 1573.222171214225, 924528.5873408214, 0.0]
[(19.55601390190735, -4.565255838222039), (-441050.0, 2399950.0), (66000, 175999), 1447.8466769654858, 30918267.857469928, 0.0]
[(5.394706084761028, -8.517873580840192), (-851350.0, 666650.0), (83333, 171896), 198.65799757371965, 55167780.08704978, 770346.2534866026]
[(-7.948234377486003, -14.316816938936242), (-1426350.0, -981550.0), (99815, 166146), 46.400431032480725, 978.5509084053338, 978.5509084053338]
[(-15.906457950475687, -5.683528601157157), (-556050.0, -1957050.0), (109570, 174849), 31.144823004794873, 3562.9133486757055, 3562.9133486757055]
[(-37.11944033757955, -12.268226000794597), (-1068350.0, -4464950.0), (134649, 169726), 65.94694837519019, 353.535736951977, 353.535736951977]
[(-40.31116434563504, -9.950465144084218), (-842650.0, -4824150.0), (138241, 171983), 66.46803743153546, 0.0, 0.0]
[(78.12164770676898, 15.073226489364156), (550450.0, 8399950.0), (6000, 185914), 254.6369965264278, 174.21964341402054, 126.4944309592247]
[(60.2577693912442, 6.932100350170008), (447350.0, 6901350.0), (20986, 184883), 149.00335566691106, 7465495.7851845985, 263616.0309451311]
[(52.538412952959625, 5.258433915910755), (386250.0, 6136650.0), (28633, 184272), 112.0714058089752, 156147925.70505232, 14505729.294008099]
[(42.70407326947196, -5.328963996660415), (-440950.0, 5089350.0), (39106, 176000), 70.71067811865476, 62486980.248062015, 236239.86720449856]
[(27.925211923600592, -4.75008381812316), (-440950.0, 3400050.0), (55999, 176000), 851.5115971024704, 36533895.15571699, 2.8342361748218536]
[(19.55684124327735, -2.2373499195542506), (-216150.0, 2400050.0), (65999, 178248), 1891.8015223590448, 752991.8801114857, 0.0]
[(19.55601390190735, -1.8843777924233585), (-182050.0, 2399950.0), (66000, 178589), 1446.4207548289676, 52307581.5305322, 0.0]
[(8.863497531384798, -3.5197131859562654), (-350150.0, 1094250.0), (79057, 176908), 334.24841061701403, 140072510.86323357, 794673.0114191324]
[(-1.4449225496633302, 5.578171035745783), (558950.0, -178650.0), (91786, 185999), 6.0, 0.0, 0.0]
[(67.2042883937294, 16.879245691633), (929650.0, 7535950.0), (14640, 189706), 413.9975845340163, 755060.3352817416, 22476.834884286858]
[(64.70055316196984, 14.612628027291217), (857150.0, 7313750.0), (16862, 188981), 241.07467722678797, 23094554.050912857, 16742.202189867385]
[(46.152934358591565, 10.57444903015284), (843150.0, 5464850.0), (35351, 188841), 95.75489543621255, 150772087.37925124, 4406010.346313271]
[(39.957516718284204, 9.33784749950602), (793350.0, 4784650.0), (42153, 188343), 93.00537618869137, 62046265.12482425, 1301735.761342948]
[(27.925211923600592, 16.79361190217281), (1558950.0, 3400050.0), (55999, 195999), 959.8150863577838, 19224620.865214255, 0.8264926404226571]
[(27.31457362615901, 6.001484795262048), (559050.0, 3327950.0), (56720, 186000), 983.3112426897193, 684102.132040902, 9.497973792254925]
[(17.78083928038853, 14.005335852536163), (1361850.0, 2184950.0), (68150, 194028), 1060.9015034394097, 80279223.46745272, 456.50219739973545]
[(5.8233320040922845, 12.864933297061521), (1285250.0, 719550.0), (82804, 193262), 368.0869462504749, 176863569.37776163, 283530.2843989413]
[(2.3905793185868256, 14.60682328682144), (1463150.0, 295550.0), (87044, 195041), 443.9909908995902, 27782077.34878703, 84823.96317221783]
[(-8.946375838535378, 14.266308146661014), (1419050.0, -1104450.0), (101044, 194600), 194.61243536834948, 29183988.516915403, 10905192.58709178]
[(-20.751590335844554, 13.780611835600391), (1325050.0, -2544250.0), (115442, 193660), 415.40582566930857, 10407601.235053282, 5203.9933861061]
[(-25.100162850877815, 15.334986301815752), (1445450.0, -3065250.0), (120652, 194864), 439.24594477354026, 333508.79426441516, 1732.546954755322]
[(67.18364322723106, 38.35000192299938), (2113350.0, 7534150.0), (14658, 201543), 761.5274125072583, 709826.102721164, 2531.083567368798]
[(65.66151718663187, 42.69654028340064), (2446850.0, 7399950.0), (16000, 204878), 643.4158841682415, 19508698.202099264, 164704.9458705536]
[(49.24851438024767, 32.81406643923729), (2520350.0, 5794550.0), (32054, 205613), 109.27488274987991, 61037636.379016615, 1153268.0214206092]
[(44.90513346062914, 29.40417795415451), (2377450.0, 5329950.0), (36700, 204184), 132.90974381135493, 73552605.22715014, 804992.4158944858]
[(27.925211923600592, 24.22763581165641), (2249050.0, 3400050.0), (55999, 202900), 1663.7226331332997, 3469876.3870338295, 0.0]
[(21.546474966379982, 23.284491860066208), (2231450.0, 2639950.0), (63600, 202724), 1392.053519086102, 202482.40075344848, 0.0]
[(17.668782583030854, 25.186700981010606), (2450050.0, 2171350.0), (68286, 204910), 935.4539005210252, 18066620.937548824, 13935.148679733276]
[(5.559174024884816, 24.177017219751118), (2416050.0, 686950.0), (83130, 204570), 603.5304466222065, 19049604.62831546, 60539.142906034365]
[(2.0880114400807104, 16.936725933660735), (1696750.0, 258150.0), (87418, 197377), 412.49606058724976, 18987667.24202602, 254496.40497795306]
[(-12.982510786735892, 19.866978800244997), (1959550.0, -1599950.0), (105999, 200005), 480.4508299503707, 43034896.262446836, 65312.82936543226]
[(-13.737701788212178, 18.067825302620612), (1778650.0, -1692350.0), (106923, 198196), 625.0887936925442, 5081901.99747922, 18076.60759460833]
[(-22.89503821342585, 23.388968263084266), (2228150.0, -2801850.0), (118018, 202691), 625.6932155617479, 9283173.416706942, 10713.03878384782]
[(-29.941884217936945, 19.349780863814026), (1774650.0, -3637050.0), (126370, 198156), 96.38464608017192, 13730997.656496905, 4916.6500598118]
[(65.66263932174726, 49.67776000833246), (2846850.0, 7400050.0), (15999, 208878), 1142.3659658795862, 184676.19860724732, 612.5587018663064]
[(65.66151718663187, 49.257587812492595), (2822850.0, 7399950.0), (16000, 208638), 854.3395109673905, 33178031.964791343, 1111.9572284584865]
[(49.145059610210716, 46.27520357854025), (3558950.0, 5783650.0), (32163, 215999), 318.92475601621146, 39822547.4171673, 351466.67472672905]
[(43.91429891562771, 40.39524738862496), (3301050.0, 5222050.0), (37779, 213420), 229.61271741782946, 57539276.973339066, 1581891.0040160485]
[(29.356617279391305, 27.801768335417357), (2559050.0, 3568450.0), (54315, 206000), 1215.7849316388158, 160590061.62883353, 0.0]
[(26.81583127164554, 29.177435391858523), (2725450.0, 3268950.0), (57310, 207664), 1024.4554651130522, 28932794.973990776, 188.66291243955493]
[(18.10727543754622, 26.347455353720676), (2559050.0, 2224550.0), (67754, 206000), 756.8275893491199, 37932492.2706284, 40284.976514816284]
[(9.894319045363124, 25.770842860994343), (2559050.0, 1221050.0), (77789, 206000), 887.8203647134932, 27786583.598939642, 1732.1513596721925]
[(-0.9733701159631517, 33.10770495825043), (3317850.0, -120350.0), (91203, 213588), 780.6977648232381, 161683263.4702685, 1059486.8253734168]
[(-11.9565531370192, 35.99441502179077), (3558950.0, -1474250.0), (104742, 215999), 412.4002909795288, 56838703.86554103, 166429.03475943394]
[(-19.19379275884839, 26.452002014710125), (2559050.0, -2356150.0), (113561, 206000), 354.682957019364, 68399450.17060667, 126350.75071717845]
[(-22.734849481570635, 31.64176276054637), (3016550.0, -2782650.0), (117826, 210575), 151.72672803431834, 48918217.89798825, 566571.6372846029]
[(-30.471109092408646, 28.22234269694026), (2579750.0, -3698950.0), (126989, 206207), 54.378304497290095, 8743292.176542854, 1058179.6272307804]
[(-46.8969501871147, 37.758677454942195), (2984850.0, -5544750.0), (145447, 210258), 104.12012293500234, 0.0, 0.0]
[(73.55016521226912, 99.21004399603244), (4461050.0, 8061250.0), (9387, 225020), 2141.80694741613, 362691.46417672513, 0.0]
[(65.66151718663187, 69.57240572038846), (3987050.0, 7399950.0), (16000, 220280), 1463.9125656950964, 13199241.360631924, 0.0]
[(47.817597700423164, 58.308125556820706), (4558950.0, 5643050.0), (33569, 225999), 457.8132807160579, 14035262.874087261, 13117.834846870508]
[(42.6604638681794, 55.07153034147797), (4558950.0, 5084550.0), (39154, 225999), 558.8067644544042, 48521691.88713391, 749.0841829199344]
[(27.925211923600592, 39.86160030931406), (3700350.0, 3400050.0), (55999, 217413), 631.8773615188314, 90154292.32768483, 7076.022328192834]
[(19.55684124327735, 47.18929639487324), (4558950.0, 2400050.0), (65999, 225999), 1202.9434733186758, 28595679.407059196, 0.0]
[(19.55601390190735, 47.189146590323915), (4558950.0, 2399950.0), (66000, 225999), 1371.3737637857887, 73338728.96054652, 0.0]
[(10.444371653282328, 45.959619265202136), (4558950.0, 1288650.0), (77113, 225999), 411.7001335924, 124592444.44179073, 293754.16278714687]
[(-2.720682628933979, 38.771160470738835), (3883050.0, -336350.0), (93363, 219240), 391.8328725362383, 58612551.361263305, 792011.8498317741]
[(-8.542614101709926, 38.06342073819652), (3788650.0, -1054750.0), (100547, 218296), 488.77909120583297, 32084804.51770935, 212748.0982468892]
[(-13.556994457082478, 36.79121818963685), (3623550.0, -1670250.0), (106702, 216645), 190.68298298484845, 21344446.38047248, 256408.12162429374]
[(-24.27050297223393, 43.90417855215783), (4155450.0, -2966350.0), (119663, 221964), 135.80132547217644, 8993241.968426518, 794537.9607312763]
[(69.75566604045655, 100.51504572613895), (5146650.0, 7754050.0), (12459, 231876), 2088.6282579722033, 80278.38136337977, 0.0]
[(65.66151718663187, 85.88254169230933), (4921750.0, 7399950.0), (16000, 229627), 1516.3841861480882, 2786679.9810050307, 0.0]
[(47.095001506623326, 57.80713877011783), (4559050.0, 5565950.0), (34340, 226000), 675.7588327206681, 5797743.4020155, 5578.35545934923]
[(42.89408940020179, 65.12486488724993), (5378450.0, 5110250.0), (38897, 234194), 784.298412595614, 19395608.09489669, 13234.487552587176]
[(30.098231394164426, 59.05798828531496), (5411150.0, 3655350.0), (53446, 234521), 803.5178902799862, 39149199.39479444, 13840.47666214779]
[(19.55684124327735, 49.73872635178377), (4805250.0, 2400050.0), (65999, 228462), 2091.658193873942, 26973603.523045063, 0.0]
[(19.55601390190735, 48.85046290828024), (4719450.0, 2399950.0), (66000, 227604), 1065.9230741474735, 3671609.6767991222, 28.595333639532328]
[(10.537982216926652, 45.969213804164305), (4559050.0, 1300150.0), (76998, 226000), 322.74448097527556, 4517268.710104043, 32217.765790119767]
[(3.093708894213208, 46.55775272162278), (4661950.0, 382450.0), (86175, 227029), 135.7645019878171, 619061.6293326356, 389340.7923492342]
[(-12.588104027993316, 49.15539401976703), (4853050.0, -1551650.0), (105516, 228940), 65.85590330410783, 584974.3671133369, 584740.5009714365]
[(-14.100913574024178, 49.073471929005976), (4826250.0, -1736750.0), (107367, 228672), 167.14664220378464, 20412015.970540114, 1865566.5873590554]
[(-21.214867701782236, 55.770760478979554), (5352250.0, -2600050.0), (116000, 233932), 65.29931086925804, 1353489.7733224635, 356876.89220759785]
[(65.66263932174726, 97.0058667560007), (5559050.0, 7400050.0), (15999, 236000), 4133.369085866879, 29494.715783852153, 0.0]
[(65.66151718663187, 111.53170063649088), (6391650.0, 7399950.0), (16000, 244326), 1467.499233389919, 3857564.9012460597, 0.0]
[(45.55226177135916, 69.24761654040367), (5559050.0, 5400050.0), (35999, 236000), 799.3403530411811, 9229259.873930182, 14.10984703944996]
[(45.551336660710135, 69.2469002067894), (5559050.0, 5399950.0), (36000, 236000), 827.1070063782557, 70911957.84268466, 3408.7477870113216]
[(30.449713968636427, 65.28673715919871), (5968550.0, 3696450.0), (53035, 240095), 709.3215067936401, 142620466.1078019, 452465.7019846849]
[(27.924364092904565, 64.49019338663811), (5986650.0, 3399950.0), (56000, 240276), 405.2221612893352, 61247461.311991945, 54479.02135896683]
[(19.10121900938446, 57.44200529025318), (5559050.0, 2344950.0), (66550, 236000), 109.60383204979651, 9350.401679262519, 9350.401679262519]
[(-4.340226113553493, 55.91514216549256), (5594050.0, -536450.0), (95364, 236350), 33.83784863137726, 15992.733689166605, 15992.733689166605]
[(-10.484256568971878, 56.691508610743426), (5623050.0, -1293550.0), (102935, 236640), 35.4400902933387, 557.5491723753512, 264.4649762250483]
[(-19.880456463906878, 57.661060708680665), (5563650.0, -2439150.0), (114391, 236046), 40.26164427839479, 199387.52437466104, 158312.91845330317]
[(66.95467393029702, 118.30255645968565), (6559050.0, 7514150.0), (14858, 246000), 1327.5458560818154, 32145.803777504712, 0.0]
[(65.66151718663187, 116.66362637666626), (6685750.0, 7399950.0), (16000, 247267), 1180.6172114618691, 1204898.6928077075, 76.97975407540798]
[(55.13321040157683, 97.2566502676339), (6868750.0, 6399950.0), (26000, 249097), 1135.6170129053191, 3618589.838758946, 23.561484027653933]
[(39.48585803643279, 84.78935057068449), (7234650.0, 4731850.0), (42681, 252756), 1710.4677722775136, 21574581.590324894, 0.0]
[(36.54740150025686, 85.7187648538493), (7499550.0, 4399950.0), (46000, 255405), 3223.9205945556414, 318848983.2596611, 0.0]
[(24.141501273128085, 70.30429923704423), (6658350.0, 2950950.0), (60490, 246993), 250.7309314783479, 337470476.29356605, 1940251.538619455]
[(17.17143807681576, 73.78165190925259), (7189250.0, 2110950.0), (68890, 252302), 77.93587107359485, 138417525.5966515, 12017467.365571242]
[(5.84926415050991, 73.3464772853388), (7327350.0, 722750.0), (82772, 253683), 48.46648326421054, 15098474.681381347, 103044.26506130179]
[(0.2883262252252393, 73.40755644825481), (7357050.0, 35650.0), (89643, 253980), 45.39823785126467, 95535.61956935882, 29970.434951177267]
[(66.34250259077184, 147.057229961755), (8284150.0, 7460350.0), (15396, 263251), 1147.299437810374, 23047.121928114444, 0.0]
[(59.734418128489104, 131.29732721549377), (8558950.0, 6851350.0), (21486, 265999), 1472.4197771016254, 559733.7863542517, 0.0]
[(55.13321040157683, 119.94550288111621), (8471150.0, 6399950.0), (26000, 265121), 1342.5021415252938, 5497480.608473193, 0.0]
[(41.16277281234002, 89.97956439069668), (7559050.0, 4918950.0), (40810, 256000), 2144.575715613697, 2309954.1836910257, 0.0]
[(36.54740150025686, 86.39884119293684), (7559050.0, 4399950.0), (46000, 256000), 3515.216778521632, 7064521.611499041, 0.0]
[(27.924364092904565, 90.38257540732135), (8390250.0, 3399950.0), (56000, 264312), 298.564900817226, 637504330.1414636, 303141.09112445725]
[(15.745579078916087, 78.80031048776478), (7713250.0, 1937450.0), (70625, 257542), 127.88275880665071, 175154767.7955448, 7484634.454121916]
[(9.195054378941329, 77.22168731960357), (7677850.0, 1135050.0), (78649, 257188), 110.07270324653611, 94165336.9702724, 29061949.990196243]
[(65.66263932174726, 156.3396284857483), (8959250.0, 7400050.0), (15999, 270002), 1584.6340271494867, 20063.47814041283, 0.0]
[(57.771857924337176, 129.88161952488952), (8776750.0, 6661350.0), (23386, 268177), 1306.3096876315356, 161818.2340430906, 0.0]
[(55.13321040157683, 134.4701066073457), (9496950.0, 6399950.0), (26000, 275379), 1535.8710883404244, 3260514.733234776, 0.0]
[(40.35687555248168, 101.89715008412117), (8625450.0, 4829250.0), (41707, 266664), 737.4944067584513, 31537434.53405127, 1377.9320952607668]
[(33.83254981270369, 98.38987307523307), (8789450.0, 4089050.0), (49109, 268304), 493.9635614091388, 56023044.7313695, 180254.6601457689]
[(26.135837464142412, 97.32347369264664), (9124350.0, 3188350.0), (58116, 271653), 336.09076155110245, 191411929.20983148, 1344775.810104292]
[(18.860784576468745, 94.6102226763329), (9164250.0, 2315850.0), (66841, 272052), 250.15395259719563, 25675440.88806452, 2064328.4768836591]
[(5.150871099278, 95.61543343146278), (9558950.0, 636550.0), (83634, 275999), 141.7956275771577, 783726.8120733993, 728622.3581431964]
[(3.009551287497329, 95.40435498147227), (9553550.0, 372050.0), (86279, 275945), 31.016124838541646, 14.76496858149767, 14.76496858149767]
[(65.66263932174726, 168.2789731641476), (9643450.0, 7400050.0), (15999, 276844), 1021.2369950212341, 169.53095347993076, 1.272242657840252]
[(65.66151718663187, 166.80154623129366), (9559050.0, 7399950.0), (16000, 276000), 932.3540100197993, 113833.2428862392, 41.104944908991456]
[(53.84766075192523, 134.9251352915471), (9720950.0, 6270250.0), (27297, 277619), 775.209004075675, 35646104.80389236, 3158.7637609252706]
[(45.165132891391636, 119.5535264762962), (9638850.0, 5358150.0), (36418, 276798), 160.25292509030842, 255091504.75903848, 249038.86044388462]
[(33.948870661526804, 107.74225860448287), (9616750.0, 4102450.0), (48975, 276577), 145.49570440394453, 393393268.28530407, 14874446.5643216]
[(20.241613853291106, 103.59312017909629), (9981350.0, 2482750.0), (65172, 280223), 163.36768346279504, 178570096.09685957, 948305.8991757096]
[(14.345633119767715, 107.09881850762059), (10525850.0, 1766650.0), (72333, 285668), 294.4163718273833, 93973620.23777482, 494438.04353985656]
[(3.7978266355582266, 97.13306697621663), (9721750.0, 469450.0), (85305, 277627), 241.23225323326895, 54732476.80310835, 1131832.1392538045]
[(0.48890247320105734, 102.52842157504134), (10275450.0, 60450.0), (89395, 283164), 247.19425559668656, 64660045.758342326, 2248993.369204063]
[(-5.180842204960583, 104.09877087894412), (10406750.0, -640250.0), (96402, 284477), 93.96275858019496, 6314847.961665408, 2273836.126958685]
[(-28.46579659480806, 113.7734232771579), (10528450.0, -3463750.0), (124637, 285694), 37.0, 3.38194201287115, 3.38194201287115]
[(-32.417970770771305, 116.37490853599286), (10500950.0, -3925550.0), (129255, 285419), 158.4929020492716, 2618144.4371262984, 2338022.8211287493]
[(62.27730096225525, 174.1365007843084), (10785150.0, 7091550.0), (19084, 288261), 1085.6081245090238, 24884.2752240221, 28.78742077574134]
[(48.20996973381097, 138.23520753357658), (10756550.0, 5684750.0), (33152, 287975), 773.2173045140673, 1110295.3422828424, 63197.44242537441]
[(45.551336660710135, 136.48890954404484), (10957150.0, 5399950.0), (36000, 289981), 528.5574708581839, 66492454.6802075, 10204.838616623543]
[(31.243389779124495, 120.10215284917476), (10923450.0, 3789050.0), (52109, 289644), 139.52060779684126, 259553878.78411773, 44376564.36493815]
[(23.63267570952949, 121.09436532129605), (11496550.0, 2890150.0), (61098, 295375), 141.15594213493105, 236566744.09431458, 8005141.2272672765]
[(12.900833677085757, 107.30944424421386), (10586450.0, 1589950.0), (74100, 286274), 160.85397104206038, 21643668.155479547, 2800775.0177962324]
[(3.580904446070688, 115.32287075244922), (11544050.0, 442650.0), (85573, 295850), 149.96666296213968, 25477048.888137672, 21944.05568765849]
[(2.255472514737791, 115.38774366161321), (11558950.0, 278850.0), (87211, 295999), 380.2025775820043, 16338035.583537849, 17771.802773874253]
[(-4.860097996065772, 105.74718487448655), (10574750.0, -600650.0), (96006, 286157), 147.05441169852742, 163219292.65550056, 434837.734470034]
[(-20.905955426460217, 119.49720824826977), (11482750.0, -2562850.0), (115628, 295237), 228.23890991677996, 84609.06890486547, 32259.5106994831]
[(-27.70740203623611, 124.3624767314017), (11558950.0, -3374350.0), (123743, 295999), 1098.361051749378, 120217.8203535096, 15.93080050777644]
[(-29.626055556270465, 124.79940934805019), (11468350.0, -3600050.0), (126000, 295093), 1248.5391463626602, 107180.66549902014, 0.0]
[(-54.5535240509263, 158.8879529633391), (11324150.0, -6341650.0), (153416, 293651), 29.966648127543394, 0.0, 0.0]
[(55.26089384561339, 166.10386772635982), (11707250.0, 6412750.0), (25872, 297482), 72.61542535852834, 458.2587250042707, 458.2587250042707]
[(52.47216219591811, 157.21709598743058), (11559150.0, 6129850.0), (28701, 296001), 366.001366117669, 184604.43411902338, 180296.73584433924]
[(44.32585308064266, 146.16177305964231), (11892050.0, 5266950.0), (37330, 299330), 128.86038956948718, 19009982.385423318, 98388.82674594142]
[(35.285708582676264, 136.1344270952346), (12029550.0, 4255950.0), (47440, 300705), 90.0499861188218, 97829781.31582573, 25313504.190358996]
[(24.3107214551005, 123.7852935277228), (11713750.0, 2971150.0), (60288, 297547), 66.27216610312357, 1585908.4598082716, 61368.357968848664]
[(15.447752829917887, 120.15606883996085), (11771850.0, 1901150.0), (70988, 298128), 122.18837915284743, 76520736.31267664, 15294689.692629421]
[(3.236135327164526, 115.76679313251054), (11591050.0, 400050.0), (85999, 296320), 299.312545677591, 56309223.73952308, 116695.74248258676]
[(1.951297106071444, 115.85197218360254), (11606850.0, 241250.0), (87587, 296478), 681.8482235805855, 22792289.302909233, 15072.89371054992]
[(-8.333892497270233, 118.09419276221338), (11758450.0, -1029050.0), (100290, 297994), 118.86967653695369, 17237244.49026761, 1308418.8648137506]
[(-21.214036964131818, 125.39715730334603), (12034250.0, -2599950.0), (115999, 300752), 1902.6255543327488, 37875.848947562525, 0.0]
[(-21.214867701782236, 125.6966500294094), (12062950.0, -2600050.0), (116000, 301039), 2010.2188935536349, 13674.425373647915, 0.0]
[(-29.626055556270465, 125.78641326996294), (11559050.0, -3600050.0), (126000, 296000), 1553.2974602438517, 6399674.111992973, 0.0]
[(-42.30837135593606, 146.0109908785241), (12129850.0, -5045750.0), (140457, 301708), 244.62420158275427, 799490.9465321425, 291043.521899502]
[(-50.82460162503625, 166.04398730197033), (12491850.0, -5959550.0), (149595, 305328), 80.23091673413684, 0.0, 0.0]
[(52.86826599440532, 172.9935519311767), (12646350.0, 6170450.0), (28295, 306873), 103.40696301506973, 254.78053848189302, 26.886388381477445]
[(31.888064603960814, 139.91740543150917), (12671050.0, 3864050.0), (51359, 307120), 21.93171219946131, 752.6444335505366, 245.99960686825216]
[(26.556646151396272, 142.17710083069102), (13299450.0, 3238250.0), (57617, 313404), 41.23105625617661, 3256.6856482960284, 1086.1124525628984]
[(7.577321665685016, 126.37353307174942), (12597150.0, 935850.0), (80641, 306381), 78.29431652425353, 1985828.24303649, 1519820.0765441267]
[(-1.1666785972716407, 133.36252257038413), (13364250.0, -144250.0), (91442, 314052), 278.0017985553331, 5613772.160130596, 500909.6887469273]
[(-12.982510786735892, 135.93908387155466), (13408150.0, -1599950.0), (105999, 314491), 348.4881633570931, 1018108.7112209499, 3640.3161662985367]
[(-19.91026483734838, 131.87981391360177), (12723450.0, -2442750.0), (114427, 307644), 1373.6739059907923, 73777.63897032196, 0.0]
[(-25.230382358296644, 136.98949350512595), (12903850.0, -3080750.0), (120807, 309448), 1526.0461985143177, 39984.75146963057, 0.0]
[(-29.626055556270465, 140.00275200851667), (12865450.0, -3600050.0), (126000, 309064), 570.6776673394536, 10054250.522103213, 53.29063130472787]
[(-45.93852897764218, 166.94532960148695), (13343850.0, -5441750.0), (144417, 313848), 247.29132617218906, 159644.716400677, 88969.38408756781]
[(-50.52893772846341, 166.27453371600618), (12559050.0, -5928750.0), (149287, 306000), 43.174066289845804, 0.0, 0.0]
[(19.677650480801915, 145.43016098105477), (14043450.0, 2414650.0), (65853, 320844), 41.340053217188775, 0.0, 0.0]
[(16.349951654874495, 145.67698592584435), (14232650.0, 2011050.0), (69889, 322736), 55.60575509783138, 231924.00001111365, 0.0]
[(9.980546094282122, 139.61911300020031), (13861950.0, 1231650.0), (77683, 319029), 34.0, 12947.032283878836, 1714.585466589051]
[(-2.647862892819737, 136.88096343886252), (13709550.0, -327350.0), (93273, 317505), 440.2646931108603, 8791280.809691286, 326293.0459192358]
[(-7.371222113912095, 142.10732436520033), (14169650.0, -910450.0), (99104, 322106), 440.06931272243924, 7691562.448566277, 47007.65497455001]
[(-16.682001624983904, 142.73337295681768), (13930250.0, -2051450.0), (110514, 319712), 604.7974867672649, 750386.7908995693, 81.84459791809786]
[(-23.737224275317047, 142.88977083126778), (13559050.0, -2902650.0), (119026, 316000), 346.13581149600805, 5298442.94497391, 124.36768894240959]
[(-30.852241388469356, 149.35326300540302), (13618650.0, -3743450.0), (127434, 316596), 172.67889274604468, 1549533.7134227038, 38568.192327205965]
[(-42.32106289887024, 172.7665302296126), (14350750.0, -5047150.0), (140471, 323917), 197.7978766316767, 1110221.7444156762, 26680.947527298034]
[(-49.67933193898876, 178.76730805850033), (13654650.0, -5839850.0), (148398, 316956), 30.675723300355934, 0.0, 0.0]
[(24.304855958066135, 153.9765121769217), (14571150.0, 2970450.0), (60295, 326121), 21.93171219946131, 151.81636053696275, 151.81636053696275]
[(7.612216243523643, 155.37355277460668), (15487150.0, 940150.0), (80598, 335281), 43.174066289845804, 58109.39850359702, 2.6104679632699117]
[(-4.377470744388051, 152.86684903223582), (15293150.0, -541050.0), (95410, 333341), 182.94534703019914, 736061.5644140486, 344743.8127713725]
[(-5.846832992253646, 149.98132459488474), (14983250.0, -722450.0), (97224, 330242), 251.76576415390556, 3698186.130298445, 268026.197563868]
[(-19.914405058413244, 158.3880102246855), (15280650.0, -2443250.0), (114432, 333216), 40.24922359499622, 0.0, 0.0]
[(-22.134772213784764, 152.75781363446137), (14602150.0, -2710650.0), (117106, 326431), 32.202484376209235, 1854.3153147005942, 0.0]
[(-35.86830148355368, 175.2664330102489), (15417350.0, -4322550.0), (133225, 334583), 212.08488866489287, 2944557.7032095264, 151581.6020908817]
[(-39.23444067491624, 176.1685218322913), (15065450.0, -4703650.0), (137036, 331064), 195.6016359849784, 1312543.8124438873, 225359.2910920058]
[(11.351642060797118, 166.97468876258836), (16531850.0, 1400050.0), (75999, 345728), 59.135437767890075, 178.31695145062986, 0.0]
[(9.843075001644966, 160.86588535880855), (15975550.0, 1214750.0), (77852, 340165), 52.46903848937962, 52712.89611001243, 0.0]
[(-4.780731079728296, 157.02771419501994), (15703950.0, -590850.0), (95908, 337449), 29.732137494637012, 544.0580390393734, 6.277761936187744]
[(-7.069441491541436, 156.94576489246555), (15655650.0, -873250.0), (98732, 336966), 130.31116606031887, 850040.8192604607, 61582.97301604785]
[(-14.937805654922213, 166.67873298809332), (16354150.0, -1838950.0), (108389, 343951), 98.08159868191383, 428807.6412738095, 88908.42669030186]
[(-21.882531907162104, 166.4564072926071), (15929150.0, -2680350.0), (116803, 339701), 120.81390648431164, 274856.3585372899, 272785.55238464545]
[(14.610110566331157, 168.99672156696903), (16597050.0, 1798950.0), (72010, 346380), 42.485291572496, 0.0, 0.0]
[(9.38851716574699, 170.0712208174898), (16903750.0, 1158850.0), (78411, 349447), 42.80186911806539, 44176.87703422597, 943.0132797034457]
[(-1.4238920587979884, 174.97214696973188), (17532850.0, -176050.0), (91760, 355738), 40.0, 143296.8940441332, 4483.056598322699]
[(-9.922789279281512, 167.23167608714138), (16605250.0, -1224550.0), (102245, 346462), 44.82186966202994, 3303.3180947881774, 641.5059806406498]
[(-18.109749318606134, 177.73220658679622), (17262450.0, -2224850.0), (112248, 353034), 94.82615672903758, 958605.1231698805, 804898.3861313876]
[(-2.611453642491138, 176.79521685423325), (17707550.0, -322850.0), (93228, 357485), 30.0, 5334.291675381362, 1874.5153208896518]
[(-9.396646753118253, 179.8532676995404), (17875750.0, -1159850.0), (101598, 359167), 42.720018726587654, 11917.000003413297, 127.45011481642723]
[(-16.624452576846963, 179.88168749841205), (17559050.0, -2044450.0), (110444, 356000), 54.08326913195984, 7629.878226486966, 7629.878226486966]
