[(28.390205044489797, -178.3126328460097), (-16508150.0, 3454850.0), (55451, 15328), 29.966648127543394, 0.0, 0.0]
[(-4.508642311524035, -172.16658882057388), (-17222050.0, -557250.0), (95572, 8189), 57.982756057296896, 7.965494930744171, 0.0]
[(-8.567793571112851, -172.48623055967317), (-17167750.0, -1057850.0), (100578, 8732), 46.95742752749558, 10626.216753439978, 1306.4819224774837]
[(-13.596238618524717, -172.4374611818673), (-16981550.0, -1675050.0), (106750, 10594), 122.53978945632312, 409178.7603412596, 234806.40401296038]
[(-29.244147104435815, -177.95209029924703), (-16391050.0, -3555250.0), (125552, 16499), 32.0, 0.0, 0.0]
[(27.782811633701964, -175.83476567743676), (-16336050.0, 3383250.0), (56167, 17049), 33.24154027718932, 0.0, 0.0]
[(23.861887854306005, -166.23935170610847), (-15765350.0, 2917550.0), (60824, 22756), 35.84689665786984, 0.0, 0.0]
[(3.9321992859878647, -159.34058115782443), (-15946350.0, 486050.0), (85139, 20946), 42.95346318982906, 5281.990754270926, 5281.990754270926]
[(1.832383377488014, -157.40064871585227), (-15770150.0, 226550.0), (87734, 22708), 93.98404119849285, 7243.531459629536, 7243.531459629536]
[(-5.640199152408789, -155.87731767862766), (-15575750.0, -696950.0), (96969, 24652), 55.0, 453.47448243992403, 0.0]
[(-18.91117397721639, -159.744138633126), (-15470450.0, -2321950.0), (113219, 25705), 36.68787265568828, 4246.81385288015, 4083.5623587444425]
[(-29.269704391936884, -177.90806191979362), (-16384450.0, -3558250.0), (125582, 16565), 56.568542494923804, 0.0, 0.0]
[(-30.23586010515067, -178.4245703136183), (-16333850.0, -3671450.0), (126714, 17071), 25.553864678361276, 0.0, 0.0]
[(19.634618564714735, -155.6295659377979), (-15030850.0, 2409450.0), (65905, 30101), 209.06697491473875, 1669449.7273588786, 245923.26535513968]
[(19.139237975494733, -155.64270929786096), (-15060450.0, 2349550.0), (66504, 29805), 73.06161783043132, 9139.77073088754, 9139.77073088754]
[(-9.979732590849766, -150.21675754181112), (-14914150.0, -1231550.0), (102315, 31268), 39.0, 0.0, 0.0]
[(-17.64489159074847, -149.49961446897328), (-14543850.0, -2168450.0), (111684, 34971), 60.30754513325841, 307038.82954838267, 247720.03387741465]
[(-21.922479399029704, -157.90871816154154), (-15108550.0, -2685150.0), (116851, 29324), 37.013511046643494, 3008.2283633407205, 671.6404696926475]
[(-44.05075437272842, -176.49606435072386), (-14402250.0, -5236950.0), (142369, 36387), 67.08203932499369, 590.1125282798894, 590.1125282798894]
[(51.27325532850114, -179.08875835154313), (-13391050.0, 6006150.0), (29938, 46499), 30.364452901377952, 0.0, 0.0]
[(-9.778007582772352, -139.10895771660597), (-13816550.0, -1206750.0), (102067, 42244), 70.40596565632774, 7276.371871844865, 2779.503745302558]
[(-14.424226859250894, -144.9349348695328), (-14241350.0, -1776250.0), (107762, 37996), 63.97655820689325, 13379.695962545045, 1664.095199111849]
[(-21.71612974006288, -140.59750607282916), (-13464250.0, -2660350.0), (116603, 45767), 44.94441010848846, 2898.0232428964227, 7.487002372741699]
[(-44.357061167164225, -176.22720308522943), (-14333450.0, -5270350.0), (142703, 37075), 39.05124837953327, 44.41707186261192, 44.41707186261192]
[(51.83683798256647, -177.9895314787564), (-13205050.0, 6064450.0), (29355, 48359), 90.24965373894794, 495.4777291335631, 64.36925601959229]
[(-21.524857736603888, -135.4908412672982), (-12985850.0, -2637350.0), (116373, 50551), 47.43416490252569, 611.2527425587177, 17.182671070098877]
[(-21.872545699722092, -138.9757724480035), (-13299950.0, -2679150.0), (116791, 47410), 52.172789842982326, 2772.871068254113, 202.75056007504463]
[(54.6368594225058, -163.783793537119), (-11657950.0, 6350050.0), (26499, 63830), 280.40328100790833, 2191.5702660070965, 46.87324023048859]
[(53.79445452071111, -166.70073127243379), (-12019950.0, 6264850.0), (27351, 60210), 149.64624953536256, 7001.051541034132, 5602.611236770637]
[(-24.352620861884578, -128.3313306866095), (-12141450.0, -2976150.0), (119761, 58995), 47.01063709417264, 71.62988330889493, 0.0]
[(65.29215305950268, -179.68133489637978), (-10391050.0, 7366950.0), (16330, 76499), 43.0, 0.0, 0.0]
[(60.89193494229135, -163.04843561994318), (-10391050.0, 6961550.0), (20384, 76499), 650.4067957824549, 18434.29825853864, 4005.9380869114057]
[(36.27163363614, -118.50535711949102), (-10391050.0, 4368550.0), (46314, 76499), 192.41881404893857, 15353939.938810172, 1564629.7021396423]
[(31.622254488528974, -115.40911671236648), (-10470250.0, 3833150.0), (51668, 75707), 231.71750041807374, 28748263.094671533, 1348541.3738723046]
[(27.170781784031767, -113.89815564933393), (-10618350.0, 3310950.0), (56890, 74226), 247.67922803497268, 1288729.7500450166, 11346.216071546776]
[(18.77653977401051, -110.98141810221736), (-10753350.0, 2305650.0), (66943, 72876), 82.63776376451628, 0.0, 0.0]
[(65.1037103925185, -162.14131178797476), (-9419650.0, 7350050.0), (16499, 86213), 935.5746896961247, 6174.304532338736, 0.0]
[(62.868166246891, -157.445026703068), (-9628150.0, 7146350.0), (18536, 84128), 825.4513916639792, 563388.7410387426, 899.8457998817275]
[(51.22021907776045, -125.5022282510827), (-9391050.0, 6000650.0), (29993, 86499), 563.6896309140341, 14055393.969678149, 1816.3341808530968]
[(37.36723872683389, -116.27016420398995), (-10104350.0, 4493050.0), (45069, 79366), 665.0090224951839, 10498162.769296953, 10790.695784960568]
[(35.65904922845769, -116.69034374484467), (-10281550.0, 4298650.0), (47013, 77594), 469.2941508265365, 18277393.359322473, 97894.51057852936]
[(25.96396963092874, -102.85847912237116), (-9652050.0, 3167950.0), (58320, 83889), 231.60310878742538, 78808706.81284451, 2095273.430852595]
[(17.95062335490099, -97.1599172135333), (-9442050.0, 2205550.0), (67944, 85989), 118.69709347747316, 17449764.80322347, 1981310.5484911993]
[(-27.078622803825738, -109.384237405652), (-10202750.0, -3300050.0), (123000, 78382), 51.0, 7836.298278328031, 7836.298278328031]
[(65.1037103925185, -160.64721531271334), (-9332850.0, 7350050.0), (16499, 87081), 1029.4877366923804, 13340.897181275928, 0.0]
[(57.360624450056406, -127.44297031475308), (-8674050.0, 6621050.0), (23789, 93669), 1038.084774958192, 462323.40230256517, 504.2925691095443]
[(51.733208578363644, -126.3959958501813), (-9390950.0, 6053750.0), (29462, 86500), 759.6051605933177, 6302396.439104647, 2405.3545383905216]
[(39.50013303515965, -110.07158264036731), (-9390650.0, 4733450.0), (42665, 86503), 356.0126402250347, 9954851.04826674, 142117.04207676]
[(30.412918508619207, -102.69842215621219), (-9390950.0, 3692150.0), (53078, 86500), 211.80415482232638, 34998928.46571423, 15062.164024572932]
[(19.14337067279111, -87.84643693584727), (-8500150.0, 2350050.0), (66499, 95408), 238.79907872519107, 11971929.202426514, 150482.45162063919]
[(18.081712779596995, -89.87779253829635), (-8730350.0, 2221450.0), (67785, 93106), 348.919761549844, 60541305.91387141, 208661.66816611687]
[(10.94348359180614, -85.77362539189204), (-8499650.0, 1349950.0), (76500, 95413), 58.137767414994535, 767717.289722549, 438341.1047222642]
[(-0.8552842324563666, -91.27846097563557), (-9147550.0, -105750.0), (91057, 88934), 196.66468925559565, 41661.93596270401, 28971.137678562663]
[(65.1037103925185, -127.22283126130066), (-7391050.0, 7350050.0), (16499, 106499), 2234.38268879796, 13769.308631772317, 0.0]
[(65.1025967726744, -131.24888767925114), (-7625150.0, 7349950.0), (16500, 104158), 1843.0629397825783, 436812.729869828, 0.0]
[(54.01433713019364, -102.84640193791026), (-7391050.0, 6287150.0), (27128, 106499), 512.9463909610828, 7836350.8528505415, 2364.6372331523453]
[(42.70498192012776, -101.02645852290067), (-8359450.0, 5089450.0), (39105, 96815), 102.42070103255493, 28353303.462876886, 28097.11955934626]
[(29.406903229872587, -91.18810025181043), (-8390950.0, 3574350.0), (54256, 96500), 285.2402496142506, 43156093.879706115, 363198.59896665264]
[(26.309487742892177, -80.64131296390514), (-7553350.0, 3208950.0), (57910, 104876), 230.67292862405853, 18853079.121504363, 7150598.109711932]
[(15.369836420100325, -85.0322202159858), (-8332650.0, 1891650.0), (71083, 97083), 203.08865059377396, 5329532.949253103, 217460.9384021135]
[(2.83153369920135, -74.67453826718678), (-7478450.0, 350050.0), (86499, 105625), 297.1497938750757, 46097594.478054404, 564855.6432400066]
[(-2.986893898595544, -74.54507482880946), (-7464850.0, -369250.0), (93692, 105761), 647.7098115668775, 26315063.780944824, 7254.521181110293]
[(-7.30144874789153, -74.11761883606341), (-7391050.0, -901850.0), (99018, 106499), 551.4961468587065, 25122641.718583252, 43970.15433260938]
[(-14.669900871533965, -75.46228585974457), (-7409850.0, -1806250.0), (108062, 106311), 159.5054857990784, 815516.924279525, 414482.9967724448]
[(-26.3145469944573, -80.08191312036664), (-7500750.0, -3209550.0), (122095, 105402), 26.076809620810597, 26.01190724223852, 26.01190724223852]
[(65.1037103925185, -114.03932330735228), (-6625150.0, 7350050.0), (16499, 114158), 3891.8762827202, 8361.984213375916, 0.0]
[(65.1025967726744, -110.00678066693483), (-6391050.0, 7349950.0), (16500, 116499), 2717.0167463598746, 92805.39268889191, 0.0]
[(52.75398237763412, -87.27995266241669), (-6391050.0, 6158750.0), (28412, 116499), 1147.275468228969, 2151144.234284092, 0.0]
[(45.0894848918651, -82.41633696901809), (-6650250.0, 5349950.0), (36500, 113907), 717.3318618324437, 89279813.66308753, 134777.11679685925]
[(31.995675164098586, -81.56974389772098), (-7381650.0, 3876550.0), (51234, 106593), 128.09761902549164, 18268459.85068856, 759888.8959819445]
[(24.616708779374665, -78.22177444614277), (-7390950.0, 3007650.0), (59923, 106500), 190.3943276465977, 11885981.786822204, 206442.3656607815]
[(19.14254413017658, -71.15155410356726), (-6884750.0, 2349950.0), (66500, 111562), 127.47548783981962, 22863047.82505898, 4216082.768625436]
[(6.76449258236051, -64.04388486842073), (-6391050.0, 835650.0), (81643, 116499), 749.5545343735838, 35412373.270261094, 21005.68946594]
[(0.6660261187827288, -73.74830320119747), (-7390950.0, 82350.0), (89176, 106500), 958.8263659286805, 1829767.1713366872, 198.29533677734435]
[(-5.260227772787344, -68.88357091098527), (-6885750.0, -650050.0), (96500, 111552), 957.2800008357011, 3821872.438061023, 192.15925554931164]
[(-21.62962959629528, -69.14241729212414), (-6623850.0, -2649950.0), (116499, 114171), 371.6180835212409, 12984262.61832033, 21217.581687231548]
[(-25.92017544602847, -68.09144510646455), (-6391050.0, -3162750.0), (121627, 116499), 562.5157775565056, 1521011.7141670156, 17.565080776810646]
[(-30.052940920387602, -69.73289321228475), (-6391050.0, -3650050.0), (126500, 116499), 282.0638225650358, 2154278.8053576755, 33919.854713217355]
[(65.1037103925185, -110.00801691903175), (-6390950.0, 7350050.0), (16499, 116500), 2845.8961681691762, 4658.418565035735, 0.0]
[(65.1025967726744, -110.00505940390815), (-6390950.0, 7349950.0), (16500, 116500), 2546.371928843075, 13921.846023977858, 0.0]
[(54.63586696734545, -88.33028968797487), (-6287350.0, 6349950.0), (26500, 117536), 3206.3257788315896, 10595941.845775457, 0.0]
[(43.6271153847309, -77.5711681807), (-6358150.0, 5190650.0), (38093, 116828), 381.3790765104976, 47630971.5222128, 1620406.9426728338]
[(32.32310517384389, -64.80529528483197), (-5851450.0, 3914550.0), (50854, 121895), 19.697715603592208, 62806.0000082273, 62806.0000082273]
[(16.11173201665005, -61.676924874631396), (-6030350.0, 1982050.0), (70179, 120106), 62.07253821135398, 2723299.2628059494, 467828.0360734092]
[(4.791259140262915, -63.90531017423244), (-6390950.0, 592150.0), (84078, 116500), 838.1527307120105, 7870455.667232325, 102.36932484514546]
[(2.830724552772145, -53.831207815095716), (-5391050.0, 349950.0), (86500, 126499), 1523.515014694637, 5296262.7709623445, 0.0]
[(-5.260227772787344, -58.59267603444597), (-5857050.0, -650050.0), (96500, 121839), 902.756888647215, 2988436.8687119368, 105.60110787403795]
[(-19.195446041603493, -61.391291438940286), (-5939150.0, -2356350.0), (113563, 121018), 775.1264412984503, 8367589.578005693, 911.1294379550964]
[(-24.278043569066572, -67.52571575854863), (-6390950.0, -2967250.0), (119672, 116500), 431.8356168729022, 11621451.749891007, 2533.610872752033]
[(-30.61749949298976, -69.98227655710359), (-6390950.0, -3716050.0), (127160, 116500), 376.1808075912433, 26374465.0059434, 33219.18130623363]
[(-46.361139124473326, -74.70849793850039), (-5942650.0, -5487250.0), (144872, 120983), 313.66542684841755, 3918525.66978514, 4915.417828237638]
[(-48.53543653790565, -73.25680378303683), (-5677450.0, -5719250.0), (147192, 123635), 402.1989557420556, 56451.01367967529, 5439.0292309541255]
[(65.1037103925185, -92.79492388606607), (-5390950.0, 7350050.0), (16499, 126500), 2374.9216829192496, 5230.383387184118, 0.0]
[(56.50172186986607, -63.578018814050544), (-4391050.0, 6536350.0), (24636, 136499), 1842.227184687057, 17117.185965225388, 0.0]
[(54.63586696734545, -75.73686452851966), (-5390950.0, 6349950.0), (26500, 126500), 4504.837954910254, 1772845.4655190783, 0.0]
[(44.35155340843876, -65.40151516677248), (-5319750.0, 5269750.0), (37302, 127212), 152.0690632574555, 655937.9367433557, 125765.28510682023]
[(2.83153369920135, -53.83023247751747), (-5390950.0, 350050.0), (86499, 126500), 1113.6471613576716, 281299.47073545516, 250.93065959960222]
[(2.830724552772145, -53.83020928590724), (-5390950.0, 349950.0), (86500, 126500), 1025.136576266792, 13380924.165731791, 187.61443861573935]
[(-7.417469568500729, -53.69819976813528), (-5353950.0, -916150.0), (99161, 126870), 827.2520776643598, 5578017.641752239, 1173.2169981225452]
[(-13.391868999203398, -51.576873889775285), (-5081950.0, -1650050.0), (106500, 129590), 215.13948963405113, 24273750.40027169, 56187.21521351929]
[(-28.359634489459786, -57.09887992703715), (-5287150.0, -3451250.0), (124512, 127538), 164.7573974060042, 73267536.09572831, 211113.16834145063]
[(-32.674296480534316, -52.84626498769642), (-4760050.0, -3955250.0), (129552, 132809), 191.2066944434739, 27014593.37113049, 370499.3641944735]
[(-47.88244641995879, -67.10790200936351), (-5242850.0, -5649950.0), (146499, 127981), 165.60495161679194, 754623.9017661859, 30968.62179249432]
[(-52.949406043442515, -72.19541221785542), (-5271450.0, -6178750.0), (151787, 127695), 270.8228203087768, 579168.827145257, 1959.5636666649953]
[(69.87041104593413, -73.6091439728609), (-3755750.0, 7763650.0), (12363, 142852), 1735.5852039009783, 9836.138603299112, 0.0]
[(65.1025967726744, -72.75864876947715), (-4227050.0, 7349950.0), (16500, 138139), 1632.648155604875, 14017.095161805453, 0.0]
[(54.63586696734545, -61.687974346173384), (-4390950.0, 6349950.0), (26500, 136500), 1102.2132280098983, 452973.0925888593, 0.0]
[(-2.5968900558751637, -42.90916724148252), (-4297750.0, -321050.0), (93210, 137432), 102.88342918079665, 11569640.820181988, 426588.9283875787]
[(-8.92849951659651, -43.52647918265218), (-4329650.0, -1102250.0), (101022, 137113), 304.8032152061392, 38821340.42111273, 165271.13771489414]
[(-14.860780301250003, -44.741928604764084), (-4390950.0, -1829550.0), (108295, 136500), 107.91200118615167, 25081463.671431564, 248885.57224130584]
[(-23.299168084308935, -45.00114821859933), (-4279050.0, -2850250.0), (118502, 137619), 74.41102068914255, 23347904.051414497, 3901500.356887616]
[(-51.941524931164054, -59.272386595240754), (-4390950.0, -6075250.0), (150752, 136500), 189.01058171435798, 3780.8620911430335, 3780.8620911430335]
[(65.1037103925185, -41.15736609647249), (-2391050.0, 7350050.0), (16499, 156499), 4208.578976329184, 24554.65823695482, 0.0]
[(65.1025967726744, -46.57651687057562), (-2705950.0, 7349950.0), (16500, 153350), 2426.9033767334045, 28774.475934400907, 0.0]
[(38.48219594052742, -28.422593628738962), (-2446750.0, 4619050.0), (43809, 155942), 57.3149195236284, 39033.38852841938, 33984.017823869464]
[(16.775738524488432, -24.76000086438482), (-2415750.0, 2062850.0), (69371, 156252), 50.21951811795888, 191867.84597595874, 174383.48917604703]
[(-3.8617740487617103, -33.804674729623876), (-3383250.0, -477350.0), (94773, 146577), 40.792156108742276, 3118.34395423159, 0.0]
[(-20.51683792094426, -29.31837712287103), (-2821750.0, -2515950.0), (115159, 152192), 43.139309220245984, 0.0, 0.0]
[(77.41290678471863, -63.07307572496331), (-2390950.0, 8349950.0), (6500, 156500), 9259.20709348268, 3134.230260144308, 0.0]
[(64.62859003440396, -40.69141493965151), (-2390950.0, 7307250.0), (16927, 156500), 195.96938536414305, 369.56253317929804, 0.0]
[(37.8053867704901, -25.27050175389771), (-2188050.0, 4542650.0), (44573, 158529), 42.95346318982906, 178900.60998354928, 135541.01633454862]
[(32.803859295402276, -17.17429893688162), (-1545550.0, 3970250.0), (50297, 164954), 48.010415536631214, 2184856.3305660593, 258135.872280921]
[(22.101463360264013, -14.550094147839227), (-1391050.0, 2706650.0), (62933, 166499), 661.8912297349165, 487486.94681230467, 1401.2582986415364]
[(18.73194608869964, -14.35417441590061), (-1391050.0, 2300250.0), (66997, 166499), 400.5820764837089, 27225176.0245505, 2874.393871377455]
[(10.1530264861608, -14.116189350339678), (-1401050.0, 1252850.0), (77471, 166399), 47.01063709417264, 592977.1109351097, 592977.1109351097]
[(-7.949046141205294, -14.31783815800311), (-1426450.0, -981650.0), (99816, 166145), 46.400431032480725, 978.5509084053338, 978.5509084053338]
[(77.41290678471863, -36.693153215097645), (-1390950.0, 8349950.0), (6500, 166500), 3356.9952338363546, 54057.623318857746, 0.0]
[(65.1025967726744, -16.41138232792562), (-953450.0, 7349950.0), (16500, 170875), 302.7936591145858, 1373870.4281862369, 3132.2142953635193]
[(54.63586696734545, -6.406996367659019), (-456050.0, 6349950.0), (26500, 175849), 69.6419413859206, 6504350.2444762755, 1647608.6621423683]
[(38.04430453794919, -5.184032690214635), (-447950.0, 4569650.0), (44303, 175930), 69.20260110718382, 20225381.37020403, 2472921.17884497]
[(27.90740800799564, -4.212111020870276), (-391050.0, 3397950.0), (56020, 176499), 1657.442910027371, 36827262.3879862, 0.0]
[(19.14337067279111, -4.041381524298168), (-391050.0, 2350050.0), (66499, 176499), 2141.047640759075, 688048.7942101102, 0.0]
[(19.14254413017658, -4.041369001372595), (-391050.0, 2349950.0), (66500, 176499), 1709.4785754726497, 36653391.99240276, 0.0]
[(9.363315908426966, -3.934237626689796), (-391050.0, 1155750.0), (78442, 176499), 273.22152184628504, 60551133.63023111, 411668.2193509303]
[(-15.906457950475687, -5.683528601157157), (-556050.0, -1957050.0), (109570, 174849), 31.144823004794873, 3562.9133486757055, 3562.9133486757055]
[(-37.11944033757955, -12.268226000794597), (-1068350.0, -4464950.0), (134649, 169726), 65.94694837519019, 353.535736951977, 353.535736951977]
[(-40.312060532484445, -9.949366918709886), (-842550.0, -4824250.0), (138242, 171984), 66.46803743153546, 0.0, 0.0]
[(77.41290678471863, 16.0640538123827), (608950.0, 8349950.0), (6500, 186499), 303.41555662160766, 157.82117450237274, 157.82117450237274]
[(60.2577693912442, 6.932100350170008), (447350.0, 6901350.0), (20986, 184883), 149.00335566691106, 10216685.561748952, 263616.0309451311]
[(52.538412952959625, 5.258433915910755), (386250.0, 6136650.0), (28633, 184272), 112.0714058089752, 165802319.19168797, 14505729.294008099]
[(45.0894848918651, 7.146405129609304), (576650.0, 5349950.0), (36500, 186176), 64.76109943476871, 70072908.02858955, 575730.5283881889]
[(28.929989170700875, 5.045831295393075), (465650.0, 3518350.0), (54816, 185066), 789.002534850174, 27435297.93790391, 133.57438099384308]
[(19.14337067279111, -2.690637207137266), (-260350.0, 2350050.0), (66499, 177806), 2248.3496169412797, 613708.6630432718, 0.0]
[(19.14254413017658, -1.4401349452532186), (-139350.0, 2349950.0), (66500, 179016), 1395.5432633924324, 59698169.40294779, 0.0]
[(8.863497531384798, -3.5197131859562654), (-350150.0, 1094250.0), (79057, 176908), 334.24841061701403, 136440505.64600092, 646948.094520105]
[(-1.431980700371478, 5.6040987302526695), (561550.0, -177050.0), (91770, 186025), 29.0, 1195.6252936795354, 1195.6252936795354]
[(67.2042883937294, 16.879245691633), (929650.0, 7535950.0), (14640, 189706), 413.9975845340163, 971588.9620807443, 22476.834884286858]
[(64.70055316196984, 14.612628027291217), (857150.0, 7313750.0), (16862, 188981), 241.07467722678797, 25144900.203599866, 13181.801403579302]
[(46.152934358591565, 10.57444903015284), (843150.0, 5464850.0), (35351, 188841), 95.75489543621255, 154064822.201428, 7353709.997805269]
[(43.14171076220077, 19.531275257545992), (1608950.0, 5137450.0), (38625, 196499), 108.30050784737807, 52985054.03875511, 627926.7255062925]
[(27.501608783248837, 11.963470932925912), (1113250.0, 3350050.0), (56499, 191542), 651.9524522539969, 14817632.080939863, 20.533105991780758]
[(24.291449494583333, 17.001011114575263), (1608950.0, 2968850.0), (60311, 196499), 1098.279563681306, 619202.8572695842, 80.02896984107792]
[(17.78083928038853, 14.005335852536163), (1361850.0, 2184950.0), (68150, 194028), 1060.9015034394097, 84420858.6063414, 456.50219739973545]
[(2.83153369920135, 16.065842299539366), (1608950.0, 350050.0), (86499, 196499), 377.25985739275256, 159351063.63202214, 107489.65858707577]
[(2.3905793185868256, 14.60682328682144), (1463150.0, 295550.0), (87044, 195041), 443.9909908995902, 29432405.071385555, 52723.439735628664]
[(-8.946375838535378, 14.266308146661014), (1419050.0, -1104450.0), (101044, 194600), 194.61243536834948, 28709519.49775911, 10905192.58709178]
[(-20.751590335844554, 13.780611835600391), (1325050.0, -2544250.0), (115442, 193660), 415.40582566930857, 10564949.68566224, 5274.439873959636]
[(-25.100162850877815, 15.334986301815752), (1445450.0, -3065250.0), (120652, 194864), 439.24594477354026, 334602.28747863555, 1732.546954755322]
[(-30.548146268836874, 17.610511808019474), (1608950.0, -3707950.0), (127079, 196499), 67.47592163134935, 1734.3368930885335, 729.2364768721163]
[(67.18364322723106, 38.35000192299938), (2113350.0, 7534150.0), (14658, 201543), 761.5274125072583, 685803.3448378318, 2531.083567368798]
[(65.1025967726744, 44.90689173469142), (2608950.0, 7349950.0), (16500, 206499), 525.1409334645319, 22447641.535821393, 5806.154964405112]
[(49.24851438024767, 32.81406643923729), (2520350.0, 5794550.0), (32054, 205613), 109.27488274987991, 58754818.28286662, 1729695.9048388181]
[(44.90513346062914, 29.40417795415451), (2377450.0, 5329950.0), (36700, 204184), 132.90974381135493, 72583544.2925556, 594244.0047236199]
[(29.234776704474317, 28.32287693182063), (2608950.0, 3554150.0), (54458, 206499), 1438.2534547151276, 3365889.987664532, 0.0]
[(27.50076219960422, 26.502198899232976), (2466150.0, 3349950.0), (56500, 205071), 1393.2497981338452, 235831.97312501073, 0.0]
[(17.668782583030854, 25.186700981010606), (2450050.0, 2171350.0), (68286, 204910), 935.4539005210252, 21607721.18886593, 13935.148679733276]
[(9.86584975558527, 26.27195574347003), (2608950.0, 1217550.0), (77824, 206499), 860.8977871965986, 16651635.787641993, 880.2382395360619]
[(1.0518252998890893, 16.056406403842985), (1609050.0, 130050.0), (88699, 196500), 416.4336681873837, 20071709.65524651, 25245.25386078516]
[(-12.951472279910098, 19.8624066613443), (1959250.0, -1596150.0), (105961, 200002), 451.18953888582126, 42750632.85990383, 70564.60338308662]
[(-13.737701788212178, 18.067825302620612), (1778650.0, -1692350.0), (106923, 198196), 625.0887936925442, 4900949.621611002, 16314.230346437544]
[(-22.89503821342585, 23.388968263084266), (2228150.0, -2801850.0), (118018, 202691), 625.6932155617479, 14442171.252432588, 10713.03878384782]
[(-30.052940920387602, 19.58474064064442), (1794950.0, -3650050.0), (126500, 198359), 93.64827814754524, 14100429.705258619, 4302.678850902477]
[(65.78393246424564, 63.16667330929486), (3608950.0, 7410850.0), (15891, 216499), 1084.118074750163, 228529.41414506827, 0.0]
[(65.1025967726744, 50.686892978298765), (2944750.0, 7349950.0), (16500, 209857), 644.4261012715112, 33021182.11156723, 2158.8421274470165]
[(49.16878070595745, 46.17602267580783), (3550250.0, 5786150.0), (32138, 215912), 244.07375934335914, 39378575.7515003, 770432.3812709164]
[(43.91429891562771, 40.39524738862496), (3301050.0, 5222050.0), (37779, 213420), 229.61271741782946, 64081319.75385721, 1581891.0040160485]
[(29.547583491413857, 28.37814957369535), (2609050.0, 3590850.0), (54091, 206500), 942.7884174086994, 155302807.14172593, 68.36802652757615]
[(27.50076219960422, 29.259721449581974), (2722750.0, 3349950.0), (56500, 207637), 1223.010220725894, 27854929.11424789, 0.0]
[(18.449623107004015, 26.895061822169787), (2609050.0, 2266050.0), (67339, 206500), 681.8042240995578, 40046874.29022966, 27438.1886729002]
[(6.961565288978512, 26.151632417618746), (2609050.0, 859950.0), (81400, 206500), 917.3161941228335, 33311233.03281349, 441.3039628039114]
[(-0.9733701159631517, 33.10770495825043), (3317850.0, -120350.0), (91203, 213588), 780.6977648232381, 165257239.47718143, 1059486.8253734168]
[(-6.81071671640942, 30.033827680740487), (2996950.0, -841350.0), (98413, 210379), 361.09278585981195, 55769668.45850244, 1616372.207671478]
[(-13.695995396540578, 26.85473982892543), (2643950.0, -1687250.0), (106872, 206849), 265.09243670840556, 67579737.29381394, 57013.62831637636]
[(-22.734849481570635, 31.64176276054637), (3016550.0, -2782650.0), (117826, 210575), 151.72672803431834, 48375817.270069025, 566571.6372846029]
[(-31.240814443233216, 29.96552002508764), (2725450.0, -3788750.0), (127887, 207664), 49.040799340956916, 3152020.03946688, 2062315.8471723844]
[(-46.8969501871147, 37.758677454942195), (2984850.0, -5544750.0), (145447, 210258), 104.12012293500234, 0.0, 0.0]
[(73.67976021753113, 99.26473336602068), (4441250.0, 8071350.0), (9286, 224822), 2110.883227466645, 463220.56047425186, 0.0]
[(65.1025967726744, 68.5002440414591), (3979650.0, 7349950.0), (16500, 220206), 1005.7375403155636, 16285612.818537429, 226.8159641744569]
[(47.08097948308031, 58.43017248716959), (4608950.0, 5564450.0), (34355, 226499), 607.0823667345313, 10542971.406457016, 141.5865576537326]
[(42.4879550439711, 55.57905930950331), (4608950.0, 5065550.0), (39344, 226499), 674.047476072717, 54100316.505968556, 87.45112047670409]
[(28.662090664967085, 39.54330192779951), (3655050.0, 3486850.0), (55131, 216960), 631.0887417788405, 84219664.22070995, 1482.6769680380821]
[(19.14337067279111, 47.632081259209926), (4608950.0, 2350050.0), (66499, 226499), 1697.5868166311848, 27660190.36405181, 0.0]
[(19.14254413017658, 46.135474817740615), (4464150.0, 2349950.0), (66500, 225051), 913.9195807071867, 76516885.33608902, 4586.258222767152]
[(4.684361695873862, 44.13939465274888), (4414650.0, 578950.0), (84210, 224556), 339.27127788835884, 117761907.2662566, 746828.0907084495]
[(-2.720682628933979, 38.771160470738835), (3883050.0, -336350.0), (93363, 219240), 391.8328725362383, 54404832.38683229, 792011.8498317741]
[(-8.542614101709926, 38.06342073819652), (3788650.0, -1054750.0), (100547, 218296), 488.77909120583297, 28832151.113396827, 212748.0982468892]
[(-13.556994457082478, 36.64399442737341), (3609050.0, -1670250.0), (106702, 216500), 279.2579452764057, 26923576.556082744, 120907.43249894399]
[(-24.27050297223393, 43.90417855215783), (4155450.0, -2966350.0), (119663, 221964), 135.80132547217644, 8998714.382597491, 794537.9607312763]
[(65.1037103925185, 96.54737816725259), (5608950.0, 7350050.0), (16499, 236499), 2512.2828264349537, 24228.40336847864, 0.0]
[(63.02847541091572, 92.04304583741782), (5608950.0, 7161150.0), (18388, 236499), 1075.816434155939, 3605742.31318546, 17.7330104932189]
[(45.090407203924535, 60.36614096967408), (4870950.0, 5350050.0), (36499, 229119), 668.4137939929127, 5003180.868114139, 18155.284720774274]
[(43.557682948752294, 56.19098066154224), (4609050.0, 5183050.0), (38169, 226500), 836.737712786988, 28117468.97139605, 2421.978724389337]
[(30.098231394164426, 59.05798828531496), (5411150.0, 3655350.0), (53446, 234521), 803.5178902799862, 31563184.554683752, 13840.47666214779]
[(19.71820381718285, 49.72927747909739), (4801350.0, 2419550.0), (65804, 228423), 1900.865329264543, 26470419.727003563, 0.0]
[(19.14254413017658, 48.24684596460271), (4668450.0, 2349950.0), (66500, 227094), 913.6126093700765, 3580856.9322633753, 140.3770088283345]
[(9.9813595984922, 48.2167853627297), (4787150.0, 1231750.0), (77682, 228281), 221.38202275704322, 3651295.43274094, 770208.7895974554]
[(2.830724552772145, 46.261358037292865), (4632950.0, 349950.0), (86500, 226739), 85.42833253669417, 140627.38714014366, 29804.617477722466]
[(-12.588104027993316, 49.15539401976703), (4853050.0, -1551650.0), (105516, 228940), 65.85590330410783, 996634.2576331468, 965880.0290923947]
[(-14.100913574024178, 49.073471929005976), (4826250.0, -1736750.0), (107367, 228672), 167.14664220378464, 12471360.462284438, 1726278.8520982866]
[(-21.711138809825446, 48.205240685848466), (4616450.0, -2659750.0), (116597, 226574), 24.331050121192877, 19908.187692325562, 19908.187692325562]
[(65.1037103925185, 96.54909947655591), (5609050.0, 7350050.0), (16499, 236500), 4165.9949591904215, 29652.240675486624, 0.0]
[(65.1025967726744, 105.92222350461195), (6153750.0, 7349950.0), (16500, 241947), 1324.9320737305743, 6100277.049262224, 0.0]
[(45.090407203924535, 69.51348361324801), (5609050.0, 5350050.0), (36499, 236500), 946.4723979070916, 7013581.698844878, 0.16967009846121073]
[(45.0894848918651, 72.00996154660773), (5810550.0, 5349950.0), (36500, 238515), 417.1138933193187, 73086332.45138024, 2139.6969523765147]
[(30.449713968636427, 65.28673715919871), (5968550.0, 3696450.0), (53035, 240095), 709.3215067936401, 167847601.68999857, 452465.7019846849]
[(21.33118858135824, 58.47524775732059), (5609050.0, 2614050.0), (63859, 236500), 398.3616447400528, 55727158.35013757, 68137.41404545726]
[(-10.484256568971878, 56.691508610743426), (5623050.0, -1293550.0), (102935, 236640), 35.4400902933387, 557.5491723753512, 264.4649762250483]
[(-16.451844850232394, 59.60727659821749), (5821750.0, -2023450.0), (110234, 238627), 32.64965543462902, 41074.60592135787, 0.0]
[(68.52510068223496, 124.4623460474222), (6609050.0, 7649950.0), (13500, 246500), 1918.7959766478562, 32147.887807957828, 0.0]
[(58.06063417940087, 110.66084052417112), (7439750.0, 6689550.0), (23104, 254807), 1157.9762519153837, 1140510.462368579, 24.210565872490406]
[(54.63586696734545, 96.21312196928936), (6848450.0, 6349950.0), (26500, 248894), 1071.7257111780048, 3164739.647896779, 446.17183934524655]
[(36.109330422115754, 86.66457401824428), (7608950.0, 4350050.0), (46499, 256499), 1992.082327616005, 20959647.367956407, 0.0]
[(36.1084534506808, 84.83022193257551), (7447950.0, 4349950.0), (46500, 254889), 2848.589826563312, 325624458.7817981, 0.0]
[(24.141501273128085, 70.30429923704423), (6658350.0, 2950950.0), (60490, 246993), 250.7309314783479, 359497023.8499424, 1489785.77361493]
[(11.330454761693751, 76.46143852732861), (7570650.0, 1397450.0), (76025, 256116), 90.00555538409837, 140054848.98336247, 16496448.92244937]
[(10.349958009980146, 76.56390089477723), (7596150.0, 1277050.0), (77229, 256371), 65.73431371817918, 18577020.68519085, 16446893.367534839]
[(0.2883262252252393, 73.40755644825481), (7357050.0, 35650.0), (89643, 253980), 45.39823785126467, 84582.3481339658, 29970.434951177267]
[(65.1037103925185, 130.97528554248717), (7609050.0, 7350050.0), (16499, 256500), 1141.6676399022615, 24803.923028666526, 118.58375714533031]
[(59.25865939153607, 130.88305837301363), (8608950.0, 6805650.0), (21943, 266499), 1627.0, 637096.7074519866, 0.0]
[(54.63586696734545, 118.95406050745328), (8467150.0, 6349950.0), (26500, 265081), 919.2562210831102, 5537103.988963506, 1678.8543777633458]
[(36.109330422115754, 86.66571300028541), (7609050.0, 4350050.0), (46499, 256500), 2279.606325662394, 2874293.9683865746, 0.0]
[(36.1084534506808, 89.11048662316311), (7823750.0, 4349950.0), (46500, 258647), 3131.28360261411, 16988544.742614184, 0.0]
[(27.237593937742858, 90.37415315466009), (8422150.0, 3318850.0), (56811, 264631), 161.91973320136123, 655996419.2213682, 5583636.488715076]
[(15.745579078916087, 78.80031048776478), (7713250.0, 1937450.0), (70625, 257542), 127.88275880665071, 164912062.45267567, 7484634.454121916]
[(9.195054378941329, 77.22168731960357), (7677850.0, 1135050.0), (78649, 257188), 110.07270324653611, 68742672.85716303, 24478301.742228255]
[(65.1037103925185, 164.95565249886462), (9583150.0, 7350050.0), (16499, 276241), 1439.9201366742532, 19773.91796283098, 0.0]
[(57.771857924337176, 129.88161952488952), (8776750.0, 6661350.0), (23386, 268177), 1306.3096876315356, 90299.24157274561, 0.0]
[(54.63586696734545, 133.25021115700883), (9484750.0, 6349950.0), (26500, 275257), 1021.4029567217827, 3772885.167237951, 2.497581741306931]
[(40.435777076906035, 101.77802645535277), (8609050.0, 4838050.0), (41619, 266500), 835.3358605974007, 38663003.447896525, 277.0010120627121]
[(33.83254981270369, 98.38987307523307), (8789450.0, 4089050.0), (49109, 268304), 493.9635614091388, 65637580.320057556, 180254.6601457689]
[(27.50076219960422, 98.34071213706625), (9151050.0, 3349950.0), (56500, 271920), 375.3664875824692, 140623116.20669097, 276864.8181850901]
[(19.14254413017658, 94.54819208389566), (9148650.0, 2349950.0), (66500, 271896), 255.54842985234717, 27596658.099944703, 1117177.6946528554]
[(4.699748060213151, 96.07534092641741), (9608950.0, 580850.0), (84191, 276499), 159.0125781188394, 1258618.5596549846, 698602.703623102]
[(2.715018811833435, 95.94238135962784), (9608950.0, 335650.0), (86643, 276499), 94.25497334358543, 10600.750915180892, 10600.750915180892]
[(-12.079717470326791, 96.84096043510537), (9572450.0, -1489350.0), (104893, 276134), 34.92849839314596, 495.24711812334135, 495.24711812334135]
[(66.02600594076327, 169.20937957718218), (9609050.0, 7432350.0), (15676, 276500), 1067.1316694766397, 732.3358988007531, 17.78938086051494]
[(63.24670197536286, 173.38517256785565), (10515050.0, 7181250.0), (18187, 285560), 778.2030583337488, 112033.8652370763, 127.07032895693555]
[(53.84766075192523, 134.9251352915471), (9720950.0, 6270250.0), (27297, 277619), 775.209004075675, 40814792.2537786, 3158.7637609252706]
[(43.94084821273276, 129.85905232767544), (10608950.0, 5224950.0), (37750, 286499), 174.39323381370048, 275406800.69321346, 1804147.453890292]
[(33.948870661526804, 107.74225860448287), (9616750.0, 4102450.0), (48975, 276577), 145.49570440394453, 394783448.27172965, 12943622.921740908]
[(21.259730180662753, 100.14573665121404), (9609050.0, 2605450.0), (63945, 276500), 167.0, 178002404.67571127, 1115314.249763486]
[(14.345633119767715, 107.09881850762059), (10525850.0, 1766650.0), (72333, 285668), 294.4163718273833, 99478171.64922197, 1077857.1095111456]
[(3.7978266355582266, 97.13306697621663), (9721750.0, 469450.0), (85305, 277627), 241.23225323326895, 79650659.01090676, 1240214.10714514]
[(0.48890247320105734, 102.52842157504134), (10275450.0, 60450.0), (89395, 283164), 247.19425559668656, 55662074.23745273, 2248993.369204063]
[(-5.260227772787344, 104.14991844502244), (10411050.0, -650050.0), (96500, 284520), 95.13148795220224, 8861935.445204012, 1341816.4655025424]
[(-29.527969079899176, 115.15362011394467), (10588350.0, -3588550.0), (125885, 286293), 76.69419795525604, 49730.06915244716, 47319.319361683396]
[(-32.417970770771305, 116.37490853599286), (10500950.0, -3925550.0), (129255, 285419), 158.4929020492716, 2641565.3674728842, 2353774.227563705]
[(62.27730096225525, 174.1365007843084), (10785150.0, 7091550.0), (19084, 288261), 1085.6081245090238, 32410.980498181656, 28.78742077574134]
[(48.20996973381097, 138.23520753357658), (10756550.0, 5684750.0), (33152, 287975), 773.2173045140673, 1166653.2645697673, 63197.44242537441]
[(45.0894848918651, 134.93277913884796), (10887850.0, 5349950.0), (36500, 289288), 331.4030778372464, 64890130.34059838, 56548.13844505558]
[(31.243389779124495, 120.10215284917476), (10923450.0, 3789050.0), (52109, 289644), 139.52060779684126, 248908665.6560843, 44376564.36493815]
[(23.63267570952949, 121.09436532129605), (11496550.0, 2890150.0), (61098, 295375), 141.15594213493105, 208688327.79437765, 8005141.227267274]
[(12.317135225227245, 108.61407431351027), (10730250.0, 1518450.0), (74815, 287712), 136.7040599250805, 17003457.21079301, 6638873.423973]
[(4.208256198137071, 116.02455362400347), (11608950.0, 520150.0), (84798, 296499), 329.59672328468315, 5936567.550589989, 112816.55267889681]
[(1.9464434227691518, 115.87272696745946), (11608950.0, 240650.0), (87593, 296499), 692.275234281857, 16082659.759377228, 13262.817055145279]
[(-8.702636473836314, 114.48642407448494), (11392450.0, -1074450.0), (100744, 294334), 111.07204868912791, 160772083.91248137, 8843031.233848516]
[(-20.311231202298575, 120.51892635792511), (11608950.0, -2491150.0), (114911, 296499), 418.09687872549347, 86164.4648364032, 799.9677833514288]
[(-30.05208645849721, 126.66484034640628), (11608950.0, -3649950.0), (126499, 296499), 1628.1575476593166, 71473.95218786484, 0.0]
[(-30.052940920387602, 126.66551985303715), (11608950.0, -3650050.0), (126500, 296499), 961.0020811631991, 81771.88110173267, 0.3397219181060791]
[(-54.558482743617226, 158.88757080574405), (11323250.0, -6342150.0), (153421, 293642), 29.966648127543394, 0.0, 0.0]
[(55.26089384561339, 166.10386772635982), (11707250.0, 6412750.0), (25872, 297482), 72.61542535852834, 544.0823754761368, 458.80665124394]
[(52.16671272006042, 157.20800336306135), (11609050.0, 6098450.0), (29015, 296500), 352.0, 8561.10455637332, 2245.0068550519645]
[(44.32585308064266, 146.16177305964231), (11892050.0, 5266950.0), (37330, 299330), 128.86038956948718, 25072455.75129899, 95687.3705487178]
[(35.285708582676264, 136.1344270952346), (12029550.0, 4255950.0), (47440, 300705), 90.0499861188218, 91485047.28102072, 25116949.913972232]
[(24.3107214551005, 123.7852935277228), (11713750.0, 2971150.0), (60288, 297547), 66.27216610312357, 1573045.7343062435, 61368.357968848664]
[(15.447752829917887, 120.15606883996085), (11771850.0, 1901150.0), (70988, 298128), 122.18837915284743, 80686415.54265027, 15294689.692629421]
[(2.888983652811623, 115.92338518804937), (11609050.0, 357150.0), (86428, 296500), 239.28226010300054, 52404881.72473566, 107444.64442520868]
[(1.7822302062140176, 115.86705694031626), (11609050.0, 220350.0), (87796, 296500), 702.3745439578516, 25187706.243932664, 16723.777085503563]
[(-7.760733297919511, 126.52556437648741), (12608950.0, -958450.0), (99584, 306499), 135.15176654413364, 11460579.188246988, 136658.2255834164]
[(-21.62962959629528, 125.71125596317019), (12043150.0, -2649950.0), (116499, 300841), 2228.094252943533, 44726.20484969138, 0.0]
[(-21.63046123446358, 125.97997201422247), (12068850.0, -2650050.0), (116500, 301098), 1770.4242429429169, 15513.803043387074, 0.0]
[(-30.052940920387602, 128.7975337370907), (11804350.0, -3650050.0), (126500, 298453), 1239.6878639399515, 8748008.65550448, 0.16878248564898968]
[(-42.30837135593606, 146.0109908785241), (12129850.0, -5045750.0), (140457, 301708), 244.62420158275427, 576955.6464318516, 291043.521899502]
[(-50.82748485253198, 166.04115833678432), (12491150.0, -5959850.0), (149598, 305321), 80.23091673413684, 0.0, 0.0]
[(52.86728874343161, 172.9965576673206), (12646750.0, 6170350.0), (28296, 306877), 103.40696301506973, 254.78053848189302, 26.886388381477445]
[(31.886343221410076, 139.9179862216588), (12671250.0, 3863850.0), (51361, 307122), 21.93171219946131, 16.974254327826202, 16.974254327826202]
[(26.556646151396272, 142.17710083069102), (13299450.0, 3238250.0), (57617, 313404), 41.23105625617661, 3256.6856482960284, 1086.1124525628984]
[(4.36370634191898, 126.77044916228749), (12682550.0, 539350.0), (84606, 307235), 76.0, 344849.39696416626, 151960.65472315252]
[(-1.1666785972716407, 133.36252257038413), (13364250.0, -144250.0), (91442, 314052), 278.0017985553331, 6077257.662184374, 500909.6887469273]
[(-13.391051654604716, 135.38628234022332), (13339850.0, -1649950.0), (106499, 313808), 531.5072906367325, 819092.3155497569, 474.2051311787218]
[(-20.216753396201078, 130.85219431927754), (12609050.0, -2479750.0), (114797, 306500), 1693.708947841984, 66700.92732031427, 0.0]
[(-25.230382358296644, 136.98949350512595), (12903850.0, -3080750.0), (120807, 309448), 1526.0461985143177, 41274.46199494388, 0.0]
[(-30.052940920387602, 140.20609933159628), (12849950.0, -3650050.0), (126500, 308909), 603.8410386848512, 8293130.936626884, 56.60933815850876]
[(-45.93852897764218, 166.94532960148695), (13343850.0, -5441750.0), (144417, 313848), 247.29132617218906, 134192.1524056631, 88969.38408756781]
[(-48.037641552125365, 166.59762526610615), (12990950.0, -5666450.0), (146664, 310319), 27.730849247724095, 0.0, 0.0]
[(19.677650480801915, 145.43016098105477), (14043450.0, 2414650.0), (65853, 320844), 41.340053217188775, 151.81636053696275, 0.0]
[(16.349951654874495, 145.67698592584435), (14232650.0, 2011050.0), (69889, 322736), 55.60575509783138, 231924.00001111365, 0.0]
[(9.980546094282122, 139.61911300020031), (13861950.0, 1231650.0), (77683, 319029), 34.0, 13438.142856727305, 1714.585466589051]
[(-2.647862892819737, 136.88096343886252), (13709550.0, -327350.0), (93273, 317505), 440.2646931108603, 8800929.72109544, 326293.0459192358]
[(-7.371222113912095, 142.10732436520033), (14169650.0, -910450.0), (99104, 322106), 440.06931272243924, 7902874.738850974, 47007.65497455001]
[(-16.682001624983904, 142.73337295681768), (13930250.0, -2051450.0), (110514, 319712), 604.7974867672649, 772605.7841237907, 81.84459791809786]
[(-21.63046123446358, 146.03847918122923), (13990450.0, -2650050.0), (116500, 320314), 275.80427842946887, 5330992.394284614, 295.3694343701354]
[(-30.841099106368407, 149.28216079302035), (13613150.0, -3742150.0), (127421, 316541), 205.35335400231475, 1154915.6753607732, 30834.624007217848]
[(-42.32106289887024, 172.7665302296126), (14350750.0, -5047150.0), (140471, 323917), 197.7978766316767, 1150422.019317898, 26680.947527298034]
[(-49.68218971513507, 178.76346194003034), (13653850.0, -5840150.0), (148401, 316948), 30.675723300355934, 0.0, 0.0]
[(7.612216243523643, 155.37355277460668), (15487150.0, 940150.0), (80598, 335281), 43.174066289845804, 57618.28793074855, 2.6104679632699117]
[(-4.377470744388051, 152.86684903223582), (15293150.0, -541050.0), (95410, 333341), 182.94534703019914, 747041.2383515015, 348653.709414728]
[(-5.846832992253646, 149.98132459488474), (14983250.0, -722450.0), (97224, 330242), 251.76576415390556, 2928439.748198731, 262114.3458144553]
[(-19.914405058413244, 158.3880102246855), (15280650.0, -2443250.0), (114432, 333216), 40.24922359499622, 0.0, 0.0]
[(-29.118951261526103, 167.95271306982968), (15481750.0, -3540550.0), (125405, 335227), 25.942243542145693, 1854.3153147005942, 1854.3153147005942]
[(-35.86830148355368, 175.2664330102489), (15417350.0, -4322550.0), (133225, 334583), 212.08488866489287, 3032566.7032613596, 151581.6020908817]
[(-39.23444067491624, 176.1685218322913), (15065450.0, -4703650.0), (137036, 331064), 195.6016359849784, 1177854.5966285064, 190597.68149871074]
[(14.610110566331157, 168.99672156696903), (16597050.0, 1798950.0), (72010, 346380), 42.485291572496, 883.9778301256883, 0.0]
[(9.843075001644966, 160.86588535880855), (15975550.0, 1214750.0), (77852, 340165), 52.46903848937962, 52169.3327457041, 0.0]
[(-5.046381456999513, 159.37172945237623), (15934450.0, -623650.0), (96236, 339754), 34.058772731852805, 874.1757146194577, 867.89795268327]
[(-7.069441491541436, 156.94576489246555), (15655650.0, -873250.0), (98732, 336966), 130.31116606031887, 829692.0668439822, 53020.42455137521]
[(-14.937805654922213, 166.67873298809332), (16354150.0, -1838950.0), (108389, 343951), 98.08159868191383, 440428.2977982077, 88908.42669030186]
[(-21.882531907162104, 166.4564072926071), (15929150.0, -2680350.0), (116803, 339701), 120.81390648431164, 262362.757475673, 262353.54460411076]
[(12.247777977042752, 170.1376423549507), (16811050.0, 1509950.0), (74900, 348520), 30.870698080866262, 357.1698505282402, 0.0]
[(9.38851716574699, 170.0712208174898), (16903750.0, 1158850.0), (78411, 349447), 42.80186911806539, 51710.94599160133, 943.0132797034457]
[(-1.4238920587979884, 174.97314493724411), (17532950.0, -176050.0), (91760, 355739), 40.0, 136050.10897375114, 5289.607850210974]
[(-12.47790786842787, 176.9913716428098), (17478750.0, -1538150.0), (105381, 355197), 36.124783736376884, 3025.821019606723, 1048.6317072520033]
[(-18.109749318606134, 177.73220658679622), (17262450.0, -2224850.0), (112248, 353034), 94.82615672903758, 966235.0013963674, 804898.3861313876]
[(-2.611453642491138, 176.79521685423325), (17707550.0, -322850.0), (93228, 357485), 30.0, 4527.740423493087, 1874.5153208896518]
[(-9.396646753118253, 179.8532676995404), (17875750.0, -1159850.0), (101598, 359167), 42.720018726587654, 11552.991097954102, 127.45011481642723]
