[(28.390205044489797, -178.3126328460097), (-16508150.0, 3454850.0), (55451, 15328), 29.966648127543394, 0.0, 0.0]
[(-4.508642311524035, -172.16658882057388), (-17222050.0, -557250.0), (95572, 8189), 57.982756057296896, 7.965494930744171, 0.0]
[(-13.596238618524717, -172.4374611818673), (-16981550.0, -1675050.0), (106750, 10594), 122.53978945632312, 63286.84187737899, 60670.75794352079]
[(-19.736412712367454, -175.07492032181852), (-16902250.0, -2421750.0), (114217, 11387), 52.32590180780452, 347161.54459372297, 4289.067218622193]
[(-29.269704391936884, -177.90806191979362), (-16384450.0, -3558250.0), (125582, 16565), 56.568542494923804, 0.0, 0.0]
[(27.782811633701964, -175.83476567743676), (-16336050.0, 3383250.0), (56167, 17049), 33.24154027718932, 0.0, 0.0]
[(23.861887854306005, -166.23935170610847), (-15765350.0, 2917550.0), (60824, 22756), 35.84689665786984, 0.0, 0.0]
[(3.9321992859878647, -159.34058115782443), (-15946350.0, 486050.0), (85139, 20946), 42.95346318982906, 5281.990754270926, 5281.990754270926]
[(1.832383377488014, -157.40064871585227), (-15770150.0, 226550.0), (87734, 22708), 93.98404119849285, 7243.531459629536, 7243.531459629536]
[(-10.440301874144843, -160.98464119877494), (-15968950.0, -1288150.0), (102881, 20720), 52.32590180780452, 315.1723512117751, 153.83368067070842]
[(-18.91117397721639, -159.744138633126), (-15470450.0, -2321950.0), (113219, 25705), 36.68787265568828, 4246.81385288015, 4083.5623587444425]
[(-30.23586010515067, -178.4245703136183), (-16333850.0, -3671450.0), (126714, 17071), 25.553864678361276, 0.0, 0.0]
[(-30.538729375400077, -178.5619760615168), (-16314950.0, -3706850.0), (127068, 17260), 22.80350850198276, 0.0, 0.0]
[(19.634618564714735, -155.6295659377979), (-15030850.0, 2409450.0), (65905, 30101), 209.06697491473875, 1678589.4980897661, 255063.03608602722]
[(-9.979732590849766, -150.21675754181112), (-14914150.0, -1231550.0), (102315, 31268), 39.0, 0.0, 0.0]
[(-17.64489159074847, -149.49961446897328), (-14543850.0, -2168450.0), (111684, 34971), 60.30754513325841, 312137.6613558992, 247720.03387741465]
[(-22.522209030163957, -151.3242645998717), (-14440250.0, -2757150.0), (117571, 36007), 28.160255680657446, 2336.587893648073, 1742.2718662172556]
[(-44.05075437272842, -176.49606435072386), (-14402250.0, -5236950.0), (142369, 36387), 67.08203932499369, 633.1005662670359, 633.1005662670359]
[(51.36105576928751, -178.95061771768664), (-13364550.0, 6015250.0), (29847, 46764), 30.870698080866262, 0.0, 0.0]
[(-9.778007582772352, -139.10895771660597), (-13816550.0, -1206750.0), (102067, 42244), 70.40596565632774, 7276.371871844865, 2779.503745302558]
[(-14.424226859250894, -144.9349348695328), (-14241350.0, -1776250.0), (107762, 37996), 63.97655820689325, 8959.991627093916, 1664.095199111849]
[(-23.370189262302095, -149.42076335642807), (-14203350.0, -2858750.0), (118587, 38376), 38.58756276314948, 2890.536240523681, 2005.0629688184708]
[(-44.357061167164225, -176.22720308522943), (-14333450.0, -5270350.0), (142703, 37075), 39.05124837953327, 1.429033875465393, 1.429033875465393]
[(51.83974474321295, -177.98735973792816), (-13204350.0, 6064750.0), (29352, 48366), 90.24965373894794, 495.4777291335631, 64.36925601959229]
[(-21.872545699722092, -138.9757724480035), (-13299950.0, -2679150.0), (116791, 47410), 52.172789842982326, 668.9327363967896, 57.67999383807182]
[(-22.267204599422687, -138.73385885378173), (-13253850.0, -2726550.0), (117265, 47871), 47.16990566028302, 2715.1910744160414, 145.0705662369728]
[(54.76694788233607, -164.03267995269994), (-11651950.0, 6363150.0), (26368, 63890), 174.54512310574592, 2191.5702660070965, 46.87324023048859]
[(53.79445452071111, -166.70073127243379), (-12019950.0, 6264850.0), (27351, 60210), 149.64624953536256, 7001.051541034132, 5602.611236770637]
[(-24.352620861884578, -128.3313306866095), (-12141450.0, -2976150.0), (119761, 58995), 47.01063709417264, 71.62988330889493, 0.0]
[(65.47212477372025, -179.60571653903085), (-10341050.0, 7383050.0), (16169, 76999), 47.29693436154187, 0.0, 0.0]
[(60.95962133132306, -163.6343348046505), (-10414250.0, 6967950.0), (20320, 76267), 532.0620264593217, 22432.935322731042, 7807.503019146645]
[(37.54379491489887, -119.16942973938312), (-10341050.0, 4513050.0), (44869, 76999), 272.5912691191704, 16358617.680888645, 234398.03687376002]
[(32.026675841957314, -114.2961806162728), (-10341050.0, 3880150.0), (51198, 76999), 392.2562937672256, 29168543.823944677, 1447924.6760906954]
[(27.077777441787195, -113.2872428011558), (-10566850.0, 3299950.0), (57000, 74741), 240.2019983264086, 1252867.0366069337, 8103.199516017688]
[(18.349779424226305, -114.72867110827056), (-11133650.0, 2253950.0), (67460, 69073), 46.0, 0.0, 0.0]
[(65.47548248226775, -162.25087264576305), (-9341050.0, 7383350.0), (16166, 86999), 695.9899424560674, 9552.906296275403, 1151.4294904872731]
[(63.58334707523006, -155.18959455943133), (-9341050.0, 7212150.0), (17878, 86999), 850.0, 638653.443839246, 343.5512165064438]
[(51.91340573445654, -126.04267205404587), (-9341050.0, 6072350.0), (29276, 86999), 685.8002624671414, 14790675.254038636, 429.9962311666459]
[(37.36723872683389, -116.27016420398995), (-10104350.0, 4493050.0), (45069, 79366), 665.0090224951839, 10443794.763486091, 10790.695784960568]
[(35.67042583303512, -117.37493628173394), (-10340950.0, 4299950.0), (47000, 77000), 532.5044600752185, 17430636.568675652, 12567.109508318565]
[(25.96396963092874, -102.85847912237116), (-9652050.0, 3167950.0), (58320, 83889), 231.60310878742538, 90439069.9182076, 2095273.430852595]
[(17.95062335490099, -97.1599172135333), (-9442050.0, 2205550.0), (67944, 85989), 118.69709347747316, 10424360.812562289, 2467869.2694264823]
[(-27.078622803825738, -109.384237405652), (-10202750.0, -3300050.0), (123000, 78382), 51.0, 7836.298278328031, 7836.298278328031]
[(64.54895668742476, -151.28384524639534), (-8905850.0, 7300050.0), (16999, 91351), 1013.3834417435485, 144459.93300861318, 297.5567567397442]
[(64.54785125615315, -158.67077098967545), (-9340950.0, 7299950.0), (17000, 87000), 1286.9623149105805, 440620.0968909899, 0.0]
[(53.17160549542617, -128.34776295914057), (-9340950.0, 6201450.0), (27985, 87000), 819.4809332742282, 6315060.040824585, 5073.290559612193]
[(41.35197700441427, -108.03905037783257), (-9059750.0, 4939950.0), (40600, 89812), 318.1980515339464, 11035488.972889662, 70132.62820409673]
[(29.47766042834681, -91.08845240785747), (-8378150.0, 3582650.0), (54173, 96628), 198.00252523642217, 34811473.81988354, 672972.5883957843]
[(18.730294556970865, -89.72633313296518), (-8695350.0, 2300050.0), (66999, 93456), 350.47539143283655, 8507608.961514039, 138459.32050770192]
[(18.081712779596995, -89.87779253829635), (-8730350.0, 2221450.0), (67785, 93106), 348.919761549844, 59739897.16854735, 191258.47748899146]
[(10.150585479177076, -84.03931809980664), (-8341050.0, 1252550.0), (77474, 96999), 72.69112738154499, 3718160.468833062, 3457600.497980571]
[(-0.8552842324563666, -91.27846097563557), (-9147550.0, -105750.0), (91057, 88934), 196.66468925559565, 41661.93596270401, 28971.137678562663]
[(64.54895668742476, -124.70255754880787), (-7341050.0, 7300050.0), (16999, 106999), 2560.3923527459615, 14560.738422278577, 0.0]
[(64.54785125615315, -124.69931467075156), (-7341050.0, 7299950.0), (17000, 106999), 1621.629119126812, 402653.7099800008, 0.0]
[(54.140740193345195, -103.35732401986573), (-7413450.0, 6299950.0), (27000, 106275), 534.8018324575936, 11043513.048043065, 5052.0013632520095]
[(39.21484077814917, -96.83780117277763), (-8282750.0, 4701450.0), (42985, 97582), 87.55569655939013, 33520029.561490875, 486034.4724983168]
[(30.21362942629192, -90.11747403323223), (-8250950.0, 3668850.0), (53311, 97900), 181.79658962697843, 42852816.729358815, 2717537.700326489]
[(26.309487742892177, -80.64131296390514), (-7553350.0, 3208950.0), (57910, 104876), 230.67292862405853, 17785106.227053937, 7073921.861758022]
[(15.378857749687082, -85.0569466615937), (-8334850.0, 1892750.0), (71072, 97061), 226.80828909014767, 7262445.38309901, 131080.75937979482]
[(2.922968655258427, -74.65326870244428), (-7475950.0, 361350.0), (86386, 105650), 248.26800035445567, 44322549.438727535, 810124.9130685502]
[(0.8738867058492804, -73.25259453984398), (-7341050.0, 108050.0), (88919, 106999), 962.6016829405609, 26501137.880805247, 912.7453439179808]
[(-7.3087504158065695, -74.19558264311122), (-7398750.0, -902750.0), (99027, 106422), 526.8415321517467, 25616525.454761256, 55133.10124171665]
[(-15.227975060336693, -74.88188214714877), (-7341050.0, -1874350.0), (108743, 106999), 206.40009689920205, 504689.4400632996, 73809.34069147985]
[(-26.3145469944573, -80.08191312036664), (-7500750.0, -3209550.0), (122095, 105402), 26.076809620810597, 26.01190724223852, 26.01190724223852]
[(64.54895668742476, -112.18312437324424), (-6604050.0, 7300050.0), (16999, 114369), 4316.202265881431, 8030.189031798589, 0.0]
[(64.54785125615315, -108.4941197468787), (-6387050.0, 7299950.0), (17000, 116539), 2295.561151439883, 95052.63787151093, 0.0]
[(52.95527375371281, -86.85163019382111), (-6341050.0, 6179350.0), (28206, 116999), 1418.0088152053215, 2546555.029332348, 0.0]
[(44.62901747598949, -82.53238769727584), (-6693150.0, 5299950.0), (37000, 113478), 629.0, 93274268.4378237, 171071.75904117353]
[(33.25702766674177, -81.63211289054848), (-7322750.0, 4022650.0), (49773, 107182), 119.9208072020865, 12189494.551399797, 1210854.945383137]
[(21.051246646922856, -73.4585984528395), (-7054550.0, 2580350.0), (64196, 109864), 145.2618325645109, 14041422.540878028, 5884.387174037984]
[(10.53716816525505, -72.62570369260548), (-7202750.0, 1300050.0), (76999, 108382), 191.7706964058899, 23113007.7434466, 2368443.493466661]
[(4.950807431293685, -63.4156271810325), (-6341050.0, 611850.0), (83881, 116999), 895.6840960963859, 30186468.68534779, 135.47563556069508]
[(-5.664507532939872, -69.1334303331068), (-6907850.0, -699950.0), (96999, 111331), 892.5693250386773, 1285295.2162807868, 293.6240096036345]
[(-10.936153394213397, -71.94020339468074), (-7128950.0, -1349050.0), (103490, 109120), 826.0750571225353, 4803133.599477196, 2817.146421507001]
[(-20.167037019603914, -67.50307747528224), (-6505950.0, -2473750.0), (114737, 115350), 364.2444234302016, 12528184.30732489, 99506.41109234095]
[(-25.01701795539827, -68.96064220784659), (-6502850.0, -3055350.0), (120553, 115381), 487.95491595023407, 1578614.7164013924, 2297.0211766902357]
[(-30.685158389387755, -69.8593718599382), (-6376950.0, -3723950.0), (127239, 116640), 295.16266701600324, 4872366.9178513605, 31272.99275675742]
[(64.54895668742476, -107.71383961274114), (-6340950.0, 7300050.0), (16999, 117000), 3073.1295124026256, 4658.418565035733, 0.0]
[(54.1417282731233, -88.40600963465194), (-6340950.0, 6300050.0), (26999, 117000), 2900.049137514742, 13921.846023977858, 0.0]
[(54.140740193345195, -88.40467309333273), (-6340950.0, 6299950.0), (27000, 117000), 2998.026851113912, 11466938.724549916, 0.0]
[(43.6033588238485, -77.34214991544476), (-6340950.0, 5188050.0), (38119, 117000), 351.8323464379022, 40756007.98446728, 967212.2092996261]
[(32.32310517384389, -64.80529528483197), (-5851450.0, 3914550.0), (50854, 121895), 19.697715603592208, 62806.0000082273, 62806.0000082273]
[(18.75837143386423, -64.35571565579176), (-6236050.0, 2303450.0), (66965, 118049), 18.24828759089466, 74.59629940043669, 74.59629940043669]
[(10.585198624371772, -63.74566115648432), (-6321450.0, 1305950.0), (76940, 117195), 85.14693182963201, 3668311.4103202317, 840969.2856916334]
[(2.4269862031203453, -53.321299884120506), (-5341050.0, 300050.0), (86999, 126999), 1158.221049713741, 6200919.437653472, 4.025986820459366]
[(2.4261771571815656, -53.321280201410545), (-5341050.0, 299950.0), (87000, 126999), 1804.743195028035, 5045515.155218383, 0.0]
[(-7.346882091702658, -53.56354081104575), (-5341050.0, -907450.0), (99074, 126999), 761.5595840116517, 2648741.119381522, 150.2649240801984]
[(-19.195446041603493, -61.391291438940286), (-5939150.0, -2356350.0), (113563, 121018), 775.1264412984503, 7900169.064709682, 911.1294379550964]
[(-28.049870501737537, -68.35623373776608), (-6340950.0, -3414750.0), (124147, 117000), 366.21851400495854, 12457132.94593692, 32659.281026843935]
[(-30.480523509889103, -62.59943787217713), (-5721750.0, -3700050.0), (127000, 123192), 381.3790765104976, 25499795.103132427, 155101.76185006322]
[(-48.353268984919836, -75.15771461798847), (-5837950.0, -5699950.0), (146999, 122030), 342.8308620879981, 3168932.3571327105, 262.44696584902704]
[(-48.35421223623761, -73.07426778854868), (-5676050.0, -5700050.0), (147000, 123649), 449.7554891271478, 101721.14491889765, 1139.619103576988]
[(65.27094320438611, -92.3076692797874), (-5340950.0, 7365050.0), (16349, 127000), 1993.9220145231357, 5230.456714264553, 0.0]
[(56.509800840957425, -62.86257749479571), (-4341050.0, 6537150.0), (24628, 136999), 2177.477669231076, 18162.18770278216, 0.0]
[(54.140740193345195, -74.46280742756771), (-5340950.0, 6299950.0), (27000, 127000), 3823.9462600826387, 2157221.8730908777, 0.0]
[(44.35155340843876, -65.40151516677248), (-5319750.0, 5269750.0), (37302, 127212), 152.0690632574555, 114681.24455647601, 58596.81405545614]
[(2.4269862031203453, -53.32030155420627), (-5340950.0, 300050.0), (86999, 127000), 1016.8284024357306, 266685.73968106345, 232.12135330587626]
[(1.8995247582005943, -52.24686952110146), (-5234550.0, 234850.0), (87651, 128064), 756.1640033749293, 14796014.035712209, 6271.692927677723]
[(-7.506724312932272, -53.57456018074754), (-5340950.0, -927150.0), (99271, 127000), 791.2806076228584, 4949109.393111456, 2083.7244647847547]
[(-13.956911619480577, -44.91358390340437), (-4418850.0, -1719150.0), (107191, 136221), 207.21245136332902, 27364264.33158619, 60084.77918926641]
[(-28.359634489459786, -57.09887992703715), (-5287150.0, -3451250.0), (124512, 127538), 164.7573974060042, 74238610.05219126, 133538.0358096233]
[(-32.674296480534316, -52.84626498769642), (-4760050.0, -3955250.0), (129552, 132809), 191.2066944434739, 24844041.407908566, 370499.3641944735]
[(-48.353268984919836, -68.75934118807895), (-5340950.0, -5699950.0), (146999, 127000), 167.0269439342048, 144582.1039443817, 685.476877849549]
[(-52.949406043442515, -72.19541221785542), (-5271450.0, -6178750.0), (151787, 127695), 270.8228203087768, 531987.1387756569, 1868.7343905139714]
[(64.54895668742476, -68.88830845118315), (-4055350.0, 7300050.0), (16999, 139856), 1896.921980472576, 9835.960342668477, 0.0]
[(57.700306160796195, -64.15820762864978), (-4340950.0, 6654350.0), (23456, 137000), 1360.9559140545296, 13313.134219215892, 0.0]
[(52.40789501913226, -58.987225073980724), (-4340950.0, 6123250.0), (28767, 137000), 982.1649555955456, 419324.39702150883, 1072.4339512244333]
[(-2.5968900558751637, -42.90916724148252), (-4297750.0, -321050.0), (93210, 137432), 102.88342918079665, 12115498.200356562, 314127.08335694834]
[(-8.851310150132749, -43.63239300635327), (-4340750.0, -1092750.0), (100927, 137002), 407.0012284993744, 38144264.17261705, 142431.98363928113]
[(-17.68196433825992, -43.74011008874553), (-4254650.0, -2172950.0), (111729, 137863), 95.26804291051643, 25020368.54724433, 367618.3676118246]
[(-23.299168084308935, -45.00114821859933), (-4279050.0, -2850250.0), (118502, 137619), 74.41102068914255, 18898861.029211584, 2431320.3445040197]
[(-51.623863005573504, -58.337225868622745), (-4340950.0, -6042450.0), (150424, 137000), 130.54118124178285, 3725.0695053305244, 3725.0695053305244]
[(68.08069289538177, -43.536193655517394), (-2341050.0, 7611850.0), (13881, 156999), 2704.278461993143, 24782.62602401925, 0.0]
[(64.54785125615315, -46.49141325670218), (-2736950.0, 7299950.0), (17000, 153040), 2149.2045039967693, 28545.811089887968, 0.0]
[(38.48219594052742, -28.422593628738962), (-2446750.0, 4619050.0), (43809, 155942), 57.3149195236284, 51052.45900460862, 36810.238453450394]
[(16.775738524488432, -24.76000086438482), (-2415750.0, 2062850.0), (69371, 156252), 50.21951811795888, 241545.44162707776, 189710.56331309304]
[(-3.8739161702071327, -32.46706296190799), (-3249350.0, -478850.0), (94788, 147916), 34.828149534535996, 3118.34395423159, 3118.34395423159]
[(-20.51683792094426, -29.31837712287103), (-2821750.0, -2515950.0), (115159, 152192), 43.139309220245984, 0.0, 0.0]
[(76.7175126587377, -59.65748954436618), (-2340950.0, 8299950.0), (7000, 157000), 8647.480326661635, 6833.12601156006, 0.0]
[(63.874294699094726, -22.60613935092592), (-1351750.0, 7238750.0), (17612, 166892), 51.24451190127583, 33631.765324982814, 33631.765324982814]
[(37.8053867704901, -25.27050175389771), (-2188050.0, 4542650.0), (44573, 158529), 42.95346318982906, 166881.53950736002, 135541.01633454862]
[(32.803859295402276, -17.17429893688162), (-1545550.0, 3970250.0), (50297, 164954), 48.010415536631214, 2184957.856566007, 258135.872280921]
[(24.545426190854045, -14.187932328744024), (-1341050.0, 2999150.0), (60008, 166999), 652.7671866753108, 573153.7436960188, 1664.5643119178712]
[(18.591587801308645, -13.831145063004184), (-1341050.0, 2283250.0), (67167, 166999), 397.665688738669, 29186582.351877537, 928.7355363080278]
[(9.958581774371755, -13.506643890321886), (-1341050.0, 1228950.0), (77710, 166999), 57.42821606144492, 3033569.2413863195, 3032391.2929354142]
[(-7.949046141205294, -14.31783815800311), (-1426450.0, -981650.0), (99816, 166145), 46.400431032480725, 978.5509084053338, 978.5509084053338]
[(76.7175126587377, -34.173182086126495), (-1340950.0, 8299950.0), (7000, 167000), 2686.338958508401, 62858.60294972197, 0.0]
[(64.54785125615315, -16.645996609695207), (-979950.0, 7299950.0), (17000, 170610), 451.5362665390234, 2739928.8900736757, 2806.9385885777883]
[(53.60547663109039, -10.122347067441204), (-731950.0, 6245650.0), (27543, 173090), 44.64302857109943, 5933538.802877126, 485543.8462466828]
[(38.04430453794919, -5.184032690214635), (-447950.0, 4569650.0), (44303, 175930), 69.20260110718382, 23760017.236386213, 2792286.0653575035]
[(28.138945863315183, -4.997546339530294), (-463350.0, 3425250.0), (55747, 175776), 983.0005086468674, 36341064.84213026, 3280.2734445892274]
[(19.7554501305796, -4.613313116929846), (-445350.0, 2424050.0), (65759, 175956), 1459.1237096284879, 302820.1554761054, 0.0]
[(18.7294687934144, -3.51924573399593), (-341050.0, 2299950.0), (67000, 176999), 1351.0429304800052, 40334436.38087119, 0.0]
[(9.14303771189353, -3.429876103593505), (-341050.0, 1128650.0), (78713, 176999), 406.14406311061595, 56724906.93835415, 311215.1057886677]
[(-15.906457950475687, -5.683528601157157), (-556050.0, -1957050.0), (109570, 174849), 31.144823004794873, 3562.9133486757055, 3562.9133486757055]
[(-37.11944033757955, -12.268226000794597), (-1068350.0, -4464950.0), (134649, 169726), 65.94694837519019, 353.535736951977, 353.535736951977]
[(-40.312060532484445, -9.949366918709886), (-842550.0, -4824250.0), (138242, 171984), 66.46803743153546, 0.0, 0.0]
[(76.7175126587377, 16.792884399607036), (658950.0, 8299950.0), (7000, 186999), 118.81077392223317, 4752.297252977267, 0.0]
[(60.2577693912442, 6.932100350170008), (447350.0, 6901350.0), (20986, 184883), 149.00335566691106, 12722817.554990992, 263616.0309451311]
[(52.538412952959625, 5.258433915910755), (386250.0, 6136650.0), (28633, 184272), 112.0714058089752, 181013186.6294991, 14505729.294008099]
[(35.67130098172649, 7.148025246243897), (629750.0, 4300050.0), (46999, 186707), 77.3692445355388, 74151205.52076311, 3258460.6159547027]
[(28.3435013746704, -3.6817615826232166), (-340950.0, 3449350.0), (55506, 177000), 1028.2825487189793, 20920368.35615852, 1.1156841316260397]
[(18.730294556970865, -3.518224485694593), (-340950.0, 2300050.0), (66999, 177000), 2995.600106823339, 480137.5302511258, 0.0]
[(18.7294687934144, -1.5751733214909214), (-152650.0, 2299950.0), (67000, 178883), 1080.8459649737329, 66053827.285644636, 10.09795355796814]
[(9.09752551475921, -3.4286005215351416), (-340950.0, 1123050.0), (78769, 177000), 260.2786967848118, 141479828.56492347, 652704.4854873335]
[(0.17267204836546304, 6.574872675586307), (658950.0, 21350.0), (89786, 186999), 122.67436570041843, 22088.631737764925, 20893.00644408539]
[(67.2042883937294, 16.879245691633), (929650.0, 7535950.0), (14640, 189706), 413.9975845340163, 1355979.3691609742, 22476.834884286858]
[(59.06778732766547, 13.630470401387644), (899750.0, 6787250.0), (22127, 189407), 210.95260131128984, 29857332.55630882, 931463.7547081877]
[(46.152934358591565, 10.57444903015284), (843150.0, 5464850.0), (35351, 188841), 95.75489543621255, 147220859.73364046, 7353709.997805269]
[(43.08250264942029, 19.51578861016158), (1608650.0, 5130950.0), (38690, 196496), 93.13431161500041, 50070138.2816666, 945897.0185051953]
[(27.078622803825738, 12.035991681012986), (1122650.0, 3300050.0), (56999, 191636), 776.5320341106348, 10849043.080580825, 8838.697939136997]
[(24.160764611324563, 17.518186724054516), (1658950.0, 2953250.0), (60467, 196999), 1526.080600754757, 790659.5961562027, 0.0]
[(17.78083928038853, 14.005335852536163), (1361850.0, 2184950.0), (68150, 194028), 1060.9015034394097, 87560755.29105401, 456.50219739973545]
[(2.4269862031203453, 16.561794112161788), (1658950.0, 300050.0), (86999, 196999), 472.974629340729, 142737314.17520797, 37864.5512707755]
[(2.4261771571815656, 14.621035361768906), (1464550.0, 299950.0), (87000, 195055), 471.6630152979985, 33240359.933367282, 34935.70338379312]
[(-8.946375838535378, 14.266308146661014), (1419050.0, -1104450.0), (101044, 194600), 194.61243536834948, 28043514.141663317, 10905192.58709178]
[(-20.751590335844554, 13.780611835600391), (1325050.0, -2544250.0), (115442, 193660), 415.40582566930857, 9956105.817447, 5274.439873959636]
[(-25.100162850877815, 15.334986301815752), (1445450.0, -3065250.0), (120652, 194864), 439.24594477354026, 954249.5760078689, 1732.546954755322]
[(-30.480523509889103, 17.45847913392348), (1595750.0, -3700050.0), (127000, 196367), 81.5659242576212, 2897524.0104380203, 7576.100969631923]
[(67.18364322723106, 38.35000192299938), (2113350.0, 7534150.0), (14658, 201543), 761.5274125072583, 995028.7703387309, 2531.083567368798]
[(60.716614594766206, 31.652129594462387), (2024250.0, 6944950.0), (20550, 200652), 497.98092332939825, 37854057.225082725, 6455422.712114764]
[(44.90513346062914, 29.40417795415451), (2377450.0, 5329950.0), (36700, 204184), 132.90974381135493, 58300976.48294181, 381380.8517216579]
[(37.12384689267954, 28.838585097583433), (2511250.0, 4465450.0), (45345, 205522), 116.9700816448377, 68648837.84560212, 2701782.4833797063]
[(27.078622803825738, 26.272479770103214), (2450550.0, 3300050.0), (56999, 204915), 1311.9817071895477, 3387863.1668316014, 0.0]
[(21.546474966379982, 23.284491860066208), (2231450.0, 2639950.0), (63600, 202724), 1392.053519086102, 234587.3146431204, 0.0]
[(15.636438994485472, 16.943625317981628), (1659050.0, 1924150.0), (70758, 197000), 998.4513007653403, 23633872.749233756, 1405.5684170126915]
[(10.536354114406485, 26.64593421952031), (2642650.0, 1299950.0), (77000, 206836), 860.6276779188547, 14767201.071549946, 172.15288946032524]
[(2.272461722871063, 16.561661782822576), (1659050.0, 280950.0), (87190, 197000), 496.6376949044444, 21493265.490214057, 40413.57168052532]
[(-13.799857755165345, 18.075873033489323), (1779150.0, -1699950.0), (106999, 198201), 667.3290043149631, 42701515.19478487, 6124.836199972779]
[(-13.800675638958149, 18.099279867545825), (1781450.0, -1700050.0), (107000, 198224), 594.0134678607885, 5807578.165910978, 22860.456573468633]
[(-22.89503821342585, 23.388968263084266), (2228150.0, -2801850.0), (118018, 202691), 625.6932155617479, 28395010.295044456, 10713.03878384782]
[(-33.632166377649476, 23.845067240939553), (2133250.0, -4065950.0), (130659, 201742), 93.64827814754524, 11708688.509135414, 410391.1591626598]
[(65.97301764370937, 49.624721588550116), (2821850.0, 7427650.0), (15723, 208628), 932.2687380793159, 260777.53272386827, 1549.5657573631033]
[(62.48383915185596, 59.33817955872888), (3658950.0, 7110750.0), (18892, 216999), 667.6293882087576, 19809611.79473591, 2669.8541545583867]
[(49.16878070595745, 46.17602267580783), (3550250.0, 5786150.0), (32138, 215912), 244.07375934335914, 40192502.29930223, 791967.4250994292]
[(35.67130098172649, 41.10667857171033), (3621550.0, 4300050.0), (46999, 216625), 234.7871376374779, 63616181.341782354, 576926.4267195687]
[(27.078622803825738, 29.426613963800285), (2744750.0, 3300050.0), (56999, 207857), 787.1245136571468, 156614895.32193157, 9193.66175330989]
[(27.077777441787195, 28.507686109901563), (2659050.0, 3299950.0), (57000, 207000), 1324.0849670621594, 24873767.964642134, 0.0]
[(18.168301730601208, 27.382944490211514), (2659050.0, 2231950.0), (67680, 207000), 722.9280738773394, 42248451.798351556, 9279.624123013578]
[(7.086475453996043, 26.65722235230058), (2659050.0, 875350.0), (81246, 207000), 750.5204860628389, 42242009.492919594, 568.3881046222523]
[(-0.9733701159631517, 33.10770495825043), (3317850.0, -120350.0), (91203, 213588), 780.6977648232381, 166881094.82449812, 1059486.8253734168]
[(-6.81071671640942, 30.033827680740487), (2996950.0, -841350.0), (98413, 210379), 361.09278585981195, 55003806.6644799, 1616372.207671478]
[(-13.800675638958149, 27.015571658928252), (2659050.0, -1700050.0), (107000, 207000), 270.9575612526803, 64490947.739008, 57684.21258152276]
[(-22.734849481570635, 31.64176276054637), (3016550.0, -2782650.0), (117826, 210575), 151.72672803431834, 34501378.98520181, 550881.6551626622]
[(-31.240814443233216, 29.96552002508764), (2725450.0, -3788750.0), (127887, 207664), 49.040799340956916, 1464587.867267611, 1464587.8672676112]
[(-46.89881732615822, 37.76836000864242), (2985550.0, -5544950.0), (145449, 210265), 104.12012293500234, 0.0, 0.0]
[(73.67976021753113, 99.26473336602068), (4441250.0, 8071350.0), (9286, 224822), 2110.883227466645, 490174.8181812698, 0.0]
[(64.54785125615315, 62.15473635869713), (3659050.0, 7299950.0), (17000, 217000), 697.8345076019099, 16527896.090834802, 1817.7782055009156]
[(44.62993704882689, 56.8341791419272), (4609050.0, 5300050.0), (36999, 226500), 589.8915154500868, 8171034.726114397, 2053.643313216977]
[(42.528796319080406, 56.20502237074568), (4658950.0, 5070050.0), (39299, 226999), 1027.329061206778, 68242522.53114678, 24.788551934063435]
[(28.037995901214966, 39.442311819304074), (3659050.0, 3413350.0), (55866, 217000), 806.8388934601504, 73245449.47678003, 1075.2147012653295]
[(21.409309436155255, 48.58635304890248), (4658950.0, 2623450.0), (63765, 226999), 1309.6358272435891, 27934838.814351335, 0.0]
[(18.7294687934144, 45.99578330743339), (4457450.0, 2299950.0), (67000, 224984), 605.6442850386685, 78651563.72862364, 3436.8311905856244]
[(3.862583521452357, 36.56042794713397), (3659050.0, 477450.0), (85225, 217000), 384.6296920415791, 110429096.97010285, 55099.84302652627]
[(-2.720682628933979, 38.771160470738835), (3883050.0, -336350.0), (93363, 219240), 391.8328725362383, 48847630.13539299, 792011.8498317741]
[(-8.542614101709926, 38.06342073819652), (3788650.0, -1054750.0), (100547, 218296), 488.77909120583297, 26251875.562811635, 212748.0982468892]
[(-14.262957324812843, 37.221777535020394), (3659050.0, -1756550.0), (107565, 217000), 164.13713778423212, 28290019.470864147, 471294.2297180048]
[(-24.27050297223393, 43.90417855215783), (4155450.0, -2966350.0), (119663, 221964), 135.80132547217644, 7892317.299750014, 794537.9607312763]
[(69.75566604045655, 100.51504572613895), (5146650.0, 7754050.0), (12459, 231876), 2088.6282579722033, 23425.621000922285, 0.0]
[(63.27497352834227, 93.37032721391884), (5658950.0, 7183850.0), (18161, 236999), 1261.9465123371908, 3357121.371685505, 16.854172291234136]
[(45.60130073814269, 70.53074415672677), (5658950.0, 5405350.0), (35946, 236999), 689.7137087226845, 4938753.388839906, 3478.8146625845693]
[(42.89408940020179, 65.12486488724993), (5378450.0, 5110250.0), (38897, 234194), 784.298412595614, 29960353.639547944, 13234.487552587176]
[(30.098231394164426, 59.05798828531496), (5411150.0, 3655350.0), (53446, 234521), 803.5178902799862, 29570518.168486193, 13840.47666214779]
[(19.773660645033235, 48.26580401823965), (4659050.0, 2426250.0), (65737, 227000), 1682.7887567962891, 24634467.87790686, 0.0]
[(17.764358677052705, 48.587830863830504), (4724850.0, 2182950.0), (68170, 227658), 757.7334623731488, 3699825.5986932227, 3014.254012947902]
[(9.9813595984922, 48.2167853627297), (4787150.0, 1231750.0), (77682, 228281), 221.38202275704322, 2437597.60141333, 468174.50253421813]
[(-5.436023989973654, 53.344138888175), (5331450.0, -671750.0), (96717, 233724), 45.221676218380054, 110872.86631494388, 82.81663186848164]
[(-13.799857755165345, 48.84900167982932), (4808050.0, -1699950.0), (106999, 228490), 77.25283166331187, 1560680.6446387935, 863491.1375755854]
[(-14.100913574024178, 49.073471929005976), (4826250.0, -1736750.0), (107367, 228672), 167.14664220378464, 9208756.492085475, 1172183.427612241]
[(67.6127584329278, 103.88894241145123), (5659050.0, 7571450.0), (14285, 237000), 2403.5034844992424, 29851.73434602283, 0.0]
[(64.54785125615315, 113.11277016595734), (6658950.0, 7299950.0), (17000, 246999), 1127.1277656060115, 6779174.119517361, 0.0]
[(46.277450150996394, 71.07480010665587), (5659050.0, 5478250.0), (35217, 237000), 686.8886372622567, 7470380.132336091, 9.762774981558323]
[(40.133806782914405, 77.62074018330324), (6584050.0, 4804350.0), (41956, 246250), 347.06195412346773, 74978840.56702085, 1532045.0569936384]
[(30.449713968636427, 65.28673715919871), (5968550.0, 3696450.0), (53035, 240095), 709.3215067936401, 197909260.65363973, 452465.7019846849]
[(25.71812823037217, 64.10919638404235), (6023650.0, 3138750.0), (58612, 240646), 316.89745975630666, 53691023.58933002, 234048.41685805842]
[(-19.732274257653856, 63.305002864639654), (6111750.0, -2421250.0), (114212, 241527), 32.64965543462902, 41074.60592135787, 41074.60592135787]
[(68.72087443375926, 126.11212493482464), (6659050.0, 7666650.0), (13333, 247000), 1639.4172745216515, 34194.53703535022, 0.0]
[(64.54785125615315, 117.5445682326643), (6919850.0, 7299950.0), (17000, 249608), 1218.198670168376, 1092301.5525519652, 42.24453643988818]
[(54.140740193345195, 96.49792611230933), (6921450.0, 6299950.0), (27000, 249624), 1062.6292862517953, 3294184.994001547, 710.0293801128864]
[(35.67130098172649, 86.93349417978514), (7658950.0, 4300050.0), (46999, 256999), 2669.904867219055, 18430225.23459437, 0.0]
[(35.67042583303512, 86.93289961125294), (7658950.0, 4299950.0), (47000, 256999), 2505.914004909187, 330095618.5584047, 0.0]
[(24.127263862597914, 70.30683737040751), (6659050.0, 2949250.0), (60507, 247000), 254.01771591761076, 368620550.85387576, 1169719.1090426454]
[(11.330454761693751, 76.46143852732861), (7570650.0, 1397450.0), (76025, 256116), 90.00555538409837, 169337189.20436814, 28352288.898406662]
[(10.349958009980146, 76.56390089477723), (7596150.0, 1277050.0), (77229, 256371), 65.73431371817918, 22888649.2218, 12445246.911617512]
[(0.2883262252252393, 73.40755644825481), (7357050.0, 35650.0), (89643, 253980), 45.39823785126467, 76522.3835961441, 29970.434951177267]
[(66.59104381086057, 147.66290703058155), (8265150.0, 7482250.0), (15177, 263061), 1081.1410638764953, 35369.841931873, 41.479208309203386]
[(59.702068478763934, 130.78100524962437), (8530550.0, 6848250.0), (21517, 265715), 1249.1937399779108, 641296.0129836802, 0.506222540512681]
[(54.140740193345195, 115.8603891489238), (8310250.0, 6299950.0), (27000, 263512), 841.0862024786758, 5303565.047276566, 434.88855246827006]
[(35.67130098172649, 86.93462923738677), (7659050.0, 4300050.0), (46999, 257000), 2625.033523595461, 3245603.6166945994, 0.0]
[(35.67042583303512, 88.69676706039267), (7814350.0, 4299950.0), (47000, 258553), 2646.796743235113, 29690551.471085943, 0.0]
[(21.917485729419337, 89.72253585582058), (8584750.0, 2684550.0), (63154, 266257), 133.80956617521784, 653346301.1521064, 9542509.007961085]
[(15.745579078916087, 78.80031048776478), (7713250.0, 1937450.0), (70625, 257542), 127.88275880665071, 123452861.30703922, 4768849.497981623]
[(9.195054378941329, 77.22168731960357), (7677850.0, 1135050.0), (78649, 257188), 110.07270324653611, 48979502.335663065, 14828909.213450838]
[(66.216864926359, 158.3902722979276), (8951250.0, 7449250.0), (15507, 269922), 1130.0995531368021, 16073.785725770984, 17.276249365881085]
[(54.1417282731233, 131.10640716310562), (9403650.0, 6300050.0), (26999, 274446), 1434.841106185629, 93008.79731137352, 0.0]
[(54.140740193345195, 134.6637833723411), (9658950.0, 6299950.0), (27000, 276999), 868.8486634621705, 5052931.6651200205, 3.494588245637715]
[(40.19917597329728, 102.14488299382995), (8659050.0, 4811650.0), (41883, 267000), 659.128212110512, 50367250.24245115, 2158.6757249683724]
[(34.36081718635185, 97.30793389206387), (8659050.0, 4149850.0), (48501, 267000), 530.8295394945537, 80615762.95721987, 20063.719064027195]
[(27.077777441787195, 97.2186017671322), (9068050.0, 3299950.0), (57000, 271090), 395.3036807316623, 113155045.22906144, 97059.456302315]
[(18.056976075714744, 94.7668031100469), (9206050.0, 2218450.0), (67815, 272470), 247.64894508154077, 26846593.894956067, 2991981.1574299037]
[(4.967815978218947, 96.4048263808601), (9639550.0, 613950.0), (83860, 276805), 192.50974001333023, 1764154.354594049, 902237.6936304718]
[(2.3646902039138986, 96.17690409749872), (9634050.0, 292350.0), (87076, 276750), 44.91102314577124, 9281.116087906063, 9281.116087906063]
[(-12.079717470326791, 96.84096043510537), (9572450.0, -1489350.0), (104893, 276134), 34.92849839314596, 495.24711812334135, 495.24711812334135]
[(64.54895668742476, 171.43384746193618), (10092050.0, 7300050.0), (16999, 281330), 661.8194617869741, 18534.83257905161, 470.780114158988]
[(62.8519362984364, 174.23961556441026), (10658950.0, 7144850.0), (18551, 286999), 996.8675940163769, 92381.26498610387, 72.08895662147552]
[(54.140740193345195, 135.4333743570913), (9714150.0, 6299950.0), (27000, 277551), 1024.2275137878303, 43813596.54878669, 1.440059781074524]
[(42.044783958530736, 127.97056370475083), (10658950.0, 5016650.0), (39833, 286999), 174.55371666051687, 292597119.77027416, 1007588.9024919928]
[(33.74057706938192, 108.16602060123566), (9669250.0, 4078450.0), (49215, 277102), 132.00378782444085, 388811756.55017704, 10713090.394013518]
[(20.241613853291106, 103.59312017909629), (9981350.0, 2482750.0), (65172, 280223), 163.36768346279504, 178029333.81385776, 1095972.9090915478]
[(14.345633119767715, 107.09881850762059), (10525850.0, 1766650.0), (72333, 285668), 294.4163718273833, 120207429.57658774, 1703624.3958470805]
[(3.7978266355582266, 97.13306697621663), (9721750.0, 469450.0), (85305, 277627), 241.23225323326895, 64461211.399427965, 1097344.729969317]
[(0.48890247320105734, 102.52842157504134), (10275450.0, 60450.0), (89395, 283164), 247.19425559668656, 57674730.49850844, 2248993.369204063]
[(-5.80145211220712, 104.56605201401672), (10446750.0, -716850.0), (97168, 284877), 88.10221336606703, 21190267.110952757, 61085.65934124403]
[(-27.133576527688554, 114.31001628327685), (10658950.0, -3306550.0), (123065, 286999), 409.4887055829501, 58829.45049298182, 1788.3773480410455]
[(-32.417970770771305, 116.37490853599286), (10500950.0, -3925550.0), (129255, 285419), 158.4929020492716, 2647902.2872019485, 2353774.227563705]
[(62.27730096225525, 174.1365007843084), (10785150.0, 7091550.0), (19084, 288261), 1085.6081245090238, 33324.709970383905, 28.78742077574134]
[(48.20996973381097, 138.23520753357658), (10756550.0, 5684750.0), (33152, 287975), 773.2173045140673, 1002824.0182647374, 63197.44242537441]
[(44.62901747598949, 134.74130719112642), (10927150.0, 5299950.0), (37000, 289681), 281.44271175498574, 68853796.75037313, 160782.4372954336]
[(31.243389779124495, 120.10215284917476), (10923450.0, 3789050.0), (52109, 289644), 139.52060779684126, 228770585.87403342, 44376564.36493815]
[(23.63267570952949, 121.09436532129605), (11496550.0, 2890150.0), (61098, 295375), 141.15594213493105, 189275393.7691311, 8005141.227267274]
[(12.317135225227245, 108.61407431351027), (10730250.0, 1518450.0), (74815, 287712), 136.7040599250805, 11168362.07466606, 5877403.358656128]
[(3.941913289768088, 116.50046824754486), (11658950.0, 487250.0), (85127, 296999), 278.6862034618865, 3938361.0337737515, 33626.64093403984]
[(2.4261771571815656, 116.39474257013798), (11658950.0, 299950.0), (87000, 296999), 1330.550637893951, 15986511.8732095, 0.0]
[(-8.702636473836314, 114.48642407448494), (11392450.0, -1074450.0), (100744, 294334), 111.07204868912791, 144974548.49139985, 8843031.233848516]
[(-20.26647582582577, 121.01636846132973), (11658950.0, -2485750.0), (114857, 296999), 602.4914937158865, 94772.57764704904, 549.5579736067448]
[(-30.479667639530167, 127.55533284235408), (11658950.0, -3699950.0), (126999, 296999), 2326.77824469802, 58202.56715325307, 0.0]
[(-30.480523509889103, 127.55603026693223), (11658950.0, -3700050.0), (127000, 296999), 681.8247575440481, 71328.05193700962, 0.22152026675757952]
[(-54.5535240509263, 158.8879529633391), (11324150.0, -6341650.0), (153416, 293651), 29.966648127543394, 0.0, 0.0]
[(55.26089384561339, 166.10386772635982), (11707250.0, 6412750.0), (25872, 297482), 72.61542535852834, 544.0823754761368, 458.80665124394]
[(51.97644054224141, 157.46024795584347), (11659050.0, 6078850.0), (29211, 297000), 380.64419081341566, 10233.736044978257, 1985.864237123169]
[(44.32585308064266, 146.16177305964231), (11892050.0, 5266950.0), (37330, 299330), 128.86038956948718, 43495848.43460124, 93676.10570696427]
[(35.285708582676264, 136.1344270952346), (12029550.0, 4255950.0), (47440, 300705), 90.0499861188218, 70493852.21872579, 24416039.98948292]
[(24.3107214551005, 123.7852935277228), (11713750.0, 2971150.0), (60288, 297547), 66.27216610312357, 1565525.1444004031, 59500.57683008397]
[(15.447752829917887, 120.15606883996085), (11771850.0, 1901150.0), (70988, 298128), 122.18837915284743, 86252991.0052158, 15294689.692629421]
[(4.243069504638575, 116.52850075970039), (11659050.0, 524450.0), (84755, 297000), 264.6828290615015, 46373973.07885687, 191311.9905931987]
[(2.4261771571815656, 116.39574089968369), (11659050.0, 299950.0), (87000, 297000), 338.9926252885157, 26494072.464515068, 36818.07510886155]
[(-7.783458980953646, 126.06316806107256), (12562450.0, -961250.0), (99612, 306034), 132.25732493892352, 9055042.104909673, 705110.7431865791]
[(-22.045677731063638, 125.81673841007336), (12031550.0, -2699950.0), (116999, 300725), 2465.506844443957, 47018.55026594574, 0.0]
[(-28.29425865746046, 131.8214008492917), (12210850.0, -3443550.0), (124435, 302518), 1751.1861694291672, 14458.910734962257, 0.0]
[(-30.480523509889103, 129.21900305612627), (11810950.0, -3700050.0), (127000, 298519), 1000.4608937884578, 8913242.510547163, 7.708407043013722]
[(-42.30837135593606, 146.0109908785241), (12129850.0, -5045750.0), (140457, 301708), 244.62420158275427, 575232.5416486467, 291043.521899502]
[(-50.82748485253198, 166.04115833678432), (12491150.0, -5959850.0), (149598, 305321), 80.23091673413684, 0.0, 0.0]
[(51.95316235703709, 177.41430091832828), (13140850.0, 6076450.0), (29235, 311818), 91.13725912051558, 254.78053848189302, 0.0]
[(27.244360572697584, 140.878429415802), (13128250.0, 3319650.0), (56803, 311692), 24.041630560342615, 0.0, 0.0]
[(26.556646151396272, 142.17710083069102), (13299450.0, 3238250.0), (57617, 313404), 41.23105625617661, 3256.6856482960284, 1086.1124525628984]
[(2.4269862031203453, 128.52649065317684), (12874150.0, 300050.0), (86999, 309151), 158.14234094637652, 183038.00310549786, 13158.348387030885]
[(-2.906785271863587, 136.39419976702663), (13658950.0, -359350.0), (93593, 316999), 307.06513966909364, 7551334.285493925, 401254.2045185827]
[(-13.799857755165345, 133.82587381096198), (13172050.0, -1699950.0), (106999, 312130), 524.3300487288517, 605453.7166230748, 362.61217343620956]
[(-20.02040880708976, 131.2690337281512), (12659050.0, -2456050.0), (114560, 307000), 1615.5203496087568, 66751.73068514287, 0.0]
[(-25.230382358296644, 136.98949350512595), (12903850.0, -3080750.0), (120807, 309448), 1526.0461985143177, 45431.63504064447, 0.0]
[(-30.480523509889103, 140.19571752585236), (12814250.0, -3700050.0), (127000, 308552), 595.628239760339, 8723574.743809473, 46.86374590243213]
[(-45.93852897764218, 166.94532960148695), (13343850.0, -5441750.0), (144417, 313848), 247.29132617218906, 323277.4452188273, 88969.38408756781]
[(-49.680284524147574, 178.76558957863503), (13654350.0, -5839950.0), (148399, 316953), 30.675723300355934, 0.0, 0.0]
[(18.770758857543473, 145.66805090388), (14114550.0, 2304950.0), (66950, 321555), 50.24937810560445, 151.81636053696275, 0.0]
[(16.349951654874495, 145.67698592584435), (14232650.0, 2011050.0), (69889, 322736), 55.60575509783138, 231924.00001111365, 0.0]
[(9.979732590849766, 139.61889763792828), (13861950.0, 1231550.0), (77684, 319029), 34.0, 13438.142856727305, 1714.585466589051]
[(-2.647862892819737, 136.88096343886252), (13709550.0, -327350.0), (93273, 317505), 440.2646931108603, 8783389.454037962, 108029.85033591092]
[(-7.371222113912095, 142.10732436520033), (14169650.0, -910450.0), (99104, 322106), 440.06931272243924, 7492911.80931883, 47007.65497455001]
[(-16.682001624983904, 142.73337295681768), (13930250.0, -2051450.0), (110514, 319712), 604.7974867672649, 788137.8320574634, 81.84459791809786]
[(-22.046510290808126, 145.63163697638726), (13926350.0, -2700050.0), (117000, 319673), 286.02797066021355, 5417819.173690362, 221.49186460633064]
[(-31.154126930829975, 152.40252455394517), (13869350.0, -3778650.0), (127786, 319103), 112.0044641967453, 451048.8214271103, 216717.07608695843]
[(-42.32106289887024, 172.7665302296126), (14350750.0, -5047150.0), (140471, 323917), 197.7978766316767, 974686.8282245526, 26680.947527298034]
[(-49.66790145437403, 178.7984036678799), (13659050.0, -5838650.0), (148386, 317000), 22.20360331117452, 0.0, 0.0]
[(7.612216243523643, 155.37355277460668), (15487150.0, 940150.0), (80598, 335281), 43.174066289845804, 57618.28793074855, 2.6104679632699117]
[(-5.465190223472852, 151.2540697290514), (15116550.0, -675350.0), (96753, 331575), 199.1808223700264, 1102310.6350580119, 161065.6099193003]
[(-5.665317819028595, 149.82567436483143), (14970650.0, -700050.0), (97000, 330116), 324.07560846197606, 1583094.6072511538, 60897.371065001935]
[(-19.914405058413244, 158.3880102246855), (15280650.0, -2443250.0), (114432, 333216), 40.24922359499622, 0.0, 0.0]
[(-29.118951261526103, 167.95271306982968), (15481750.0, -3540550.0), (125405, 335227), 25.942243542145693, 1854.3153147005942, 1854.3153147005942]
[(-39.20147838747326, 176.23020166579983), (15075150.0, -4699950.0), (136999, 331161), 219.91134577370036, 3149229.109901561, 52755.57266900178]
[(-39.20236918388535, 175.91362552865556), (15047950.0, -4700050.0), (137000, 330889), 240.07707095847366, 1047842.0882684852, 180162.30883199637]
[(14.610110566331157, 168.99672156696903), (16597050.0, 1798950.0), (72010, 346380), 42.485291572496, 883.9778301256883, 0.0]
[(9.843075001644966, 160.86588535880855), (15975550.0, 1214750.0), (77852, 340165), 52.46903848937962, 53048.075455731945, 0.0]
[(-5.046381456999513, 159.37172945237623), (15934450.0, -623650.0), (96236, 339754), 34.058772731852805, 2605.0122014060616, 2598.734439469874]
[(-10.529841737239305, 161.7081035262115), (16037850.0, -1299150.0), (102991, 340788), 129.80754985747168, 755726.1123891285, 84534.84295784682]
[(-22.045677731063638, 166.62609561220535), (15934050.0, -2699950.0), (116999, 339750), 122.09013064126027, 450345.67312710965, 24791.83775445004]
[(-22.046510290808126, 166.74905307680962), (15945750.0, -2700050.0), (117000, 339867), 128.70508925446578, 247957.080883109, 247953.4498837823]
[(12.247777977042752, 170.1376423549507), (16811050.0, 1509950.0), (74900, 348520), 30.870698080866262, 357.1698505282402, 0.0]
[(9.38851716574699, 170.0712208174898), (16903750.0, 1158850.0), (78411, 349447), 42.80186911806539, 50832.203281573486, 943.0132797034457]
[(-5.664507532939872, 176.08040561856407), (17594050.0, -699950.0), (96999, 356350), 41.0, 138276.78983981378, 0.0]
[(-12.47790786842787, 176.9913716428098), (17478750.0, -1538150.0), (105381, 355197), 36.124783736376884, 3025.821019606723, 1048.6317072520033]
[(-18.109749318606134, 177.73220658679622), (17262450.0, -2224850.0), (112248, 353034), 94.82615672903758, 966235.0013963674, 804898.3861313876]
[(-2.611453642491138, 176.79521685423325), (17707550.0, -322850.0), (93228, 357485), 30.0, 2301.059557430446, 965.5986447259784]
[(-9.396646753118253, 179.8532676995404), (17875750.0, -1159850.0), (101598, 359167), 42.720018726587654, 11552.991097954102, 127.45011481642723]
