[(27.782811633701964, -175.83368931708233), (-16335950.0, 3383250.0), (56167, 17050), 33.24154027718932, 0.0, 0.0]
[(26.069269452977046, -173.96904008408066), (-16315850.0, 3180450.0), (58195, 17251), 26.076809620810597, 0.0, 0.0]
[(-4.5102617697250595, -172.1698246687505), (-17222350.0, -557450.0), (95574, 8186), 57.982756057296896, 7.965494930744171, 0.0]
[(-13.596238618524717, -172.4374611818673), (-16981550.0, -1675050.0), (106750, 10594), 122.53978945632312, 251447.05059768818, 234806.40401296038]
[(-19.736412712367454, -175.07492032181852), (-16902250.0, -2421750.0), (114217, 11387), 52.32590180780452, 157943.2614275507, 4289.067218622193]
[(-29.268852443400775, -177.90822631311448), (-16384550.0, -3558150.0), (125581, 16564), 56.568542494923804, 0.0, 0.0]
[(21.91415665337153, -160.1176180008399), (-15320450.0, 2684150.0), (63158, 27205), 59.09314681077663, 227.9908175393939, 227.9908175393939]
[(2.0224850847838893, -157.4434316253591), (-15773350.0, 250050.0), (87499, 22676), 51.62363799656123, 8278.732794189826, 2996.7420399188995]
[(1.832383377488014, -157.40064871585227), (-15770150.0, 226550.0), (87734, 22708), 93.98404119849285, 4246.789419710636, 4246.789419710636]
[(-10.440301874144843, -160.98464119877494), (-15968950.0, -1288150.0), (102881, 20720), 52.32590180780452, 315.1723512117751, 153.83368067070842]
[(-18.91117397721639, -159.744138633126), (-15470450.0, -2321950.0), (113219, 25705), 36.68787265568828, 14613.792322316673, 4083.5623587444425]
[(-31.355013199074424, -178.8245680460774), (-16252350.0, -3802050.0), (128020, 17886), 19.72308292331602, 0.0, 0.0]
[(19.634618564714735, -155.6295659377979), (-15030850.0, 2409450.0), (65905, 30101), 209.06697491473875, 1678361.5072722267, 255063.03608602722]
[(-9.979732590849766, -150.21675754181112), (-14914150.0, -1231550.0), (102315, 31268), 39.0, 0.0, 0.0]
[(-17.64489159074847, -149.49961446897328), (-14543850.0, -2168450.0), (111684, 34971), 60.30754513325841, 303756.3586677499, 247720.03387741465]
[(-22.522209030163957, -151.3242645998717), (-14440250.0, -2757150.0), (117571, 36007), 28.160255680657446, 1562.8128798808903, 968.4968524500728]
[(-44.05075437272842, -176.49606435072386), (-14402250.0, -5236950.0), (142369, 36387), 67.08203932499369, 634.5296001425013, 634.5296001425013]
[(51.72062405015666, -178.85729662080766), (-13291050.0, 6052450.0), (29475, 47499), 48.0, 0.0, 0.0]
[(-9.778007582772352, -139.10895771660597), (-13816550.0, -1206750.0), (102067, 42244), 70.40596565632774, 7583.452919000905, 2779.503745302558]
[(-14.424226859250894, -144.9349348695328), (-14241350.0, -1776250.0), (107762, 37996), 63.97655820689325, 7685.290277961074, 1574.1165151633322]
[(-23.370189262302095, -149.42076335642807), (-14203350.0, -2858750.0), (118587, 38376), 38.58756276314948, 2890.536240523681, 2005.0629688184708]
[(51.83683798256647, -177.9895314787564), (-13205050.0, 6064450.0), (29355, 48359), 90.24965373894794, 518.5232052861247, 64.36925601959229]
[(-21.524857736603888, -135.4908412672982), (-12985850.0, -2637350.0), (116373, 50551), 47.43416490252569, 569.7228370904922, 17.182671070098877]
[(-23.160509410504574, -137.12994026629448), (-13047750.0, -2833650.0), (118336, 49932), 40.607881008493905, 2570.1205081790686, 0.0]
[(53.64875660947075, -166.57889914692785), (-12037550.0, 6250050.0), (27499, 60034), 201.8836298465034, 10479.34859448194, 5602.611236770637]
[(53.64777279277207, -166.94176282138585), (-12063950.0, 6249950.0), (27500, 59770), 144.22205101855957, 0.0, 0.0]
[(-24.353458903738716, -128.33080050259588), (-12141350.0, -2976250.0), (119762, 58996), 47.01063709417264, 71.62988330889493, 0.0]
[(65.59085763683595, -179.51174029092795), (-10305450.0, 7393650.0), (16063, 77355), 58.52349955359813, 0.0, 0.0]
[(61.45830337794475, -163.34278620973328), (-10291050.0, 7014950.0), (19850, 77499), 616.4560000519097, 40971.99965319347, 12270.686349747972]
[(35.5960513723124, -116.74076756137457), (-10291050.0, 4291450.0), (47085, 77499), 421.0581907527747, 17639384.99775737, 55514.6273755384]
[(31.833846885444803, -113.71659100518633), (-10302050.0, 3857750.0), (51422, 77389), 360.4941053609615, 28614752.272831414, 1033248.2787520937]
[(24.84827429301738, -111.39714176637443), (-10513450.0, 3035250.0), (59647, 75275), 130.20752666416791, 1237278.974410949, 591401.6765339636]
[(18.316778093880636, -114.75736971873675), (-11137750.0, 2249950.0), (67500, 69032), 7.0, 0.0, 0.0]
[(65.63795635982973, -162.03044383669842), (-9291050.0, 7397850.0), (16021, 87499), 710.0, 17075.151918442058, 724.6986904338023]
[(63.9971225310222, -155.81702992971228), (-9291050.0, 7249950.0), (17500, 87499), 1477.0409608402877, 638236.388952246, 0.0]
[(53.64777279277207, -128.5701835188008), (-9291050.0, 6249950.0), (27500, 87499), 830.0759001440772, 15280737.54011826, 100.80177774745971]
[(37.36723872683389, -116.27016420398995), (-10104350.0, 4493050.0), (45069, 79366), 665.0090224951839, 10616659.391407536, 10790.695784960568]
[(32.365358843738804, -113.38366611109606), (-10234750.0, 3919450.0), (50805, 78062), 426.20300327426133, 17976040.189300284, 36993.749702410074]
[(26.655397192939507, -102.83360326761805), (-9614050.0, 3249950.0), (57500, 84269), 239.63305281200255, 93571220.27672134, 78144.96872242753]
[(17.95062335490099, -97.1599172135333), (-9442050.0, 2205550.0), (67944, 85989), 118.69709347747316, 8557392.45088902, 1301305.3014768187]
[(-27.078622803825738, -109.384237405652), (-10202750.0, -3300050.0), (123000, 78382), 51.0, 7836.298278328031, 7836.298278328031]
[(68.75963229463378, -157.1959239791748), (-8291050.0, 7669950.0), (13300, 97499), 951.1645493814411, 153673.45522165007, 261.0270290893961]
[(57.360624450056406, -127.44297031475308), (-8674050.0, 6621050.0), (23789, 93669), 1038.084774958192, 584386.8480616751, 504.2925691095443]
[(53.64777279277207, -128.56879971198114), (-9290950.0, 6249950.0), (27500, 87500), 1245.6339751307364, 6292450.010026144, 36.52688431739807]
[(41.35197700441427, -108.03905037783257), (-9059750.0, 4939950.0), (40600, 89812), 318.1980515339464, 12697837.777295815, 70132.62820409673]
[(26.981421994477046, -97.57508791771161), (-9106150.0, 3288550.0), (57114, 89348), 204.215572373901, 34270842.95994452, 434168.0781442493]
[(18.884739472494722, -89.7329180651765), (-8691050.0, 2318750.0), (66812, 93499), 321.2864765283469, 9028041.953389172, 227501.00856517407]
[(18.316778093880636, -89.87554240767504), (-8722850.0, 2249950.0), (67500, 93181), 368.10867960427123, 58608924.26532146, 52410.87377179699]
[(10.12943038353367, -83.94118711620955), (-8331650.0, 1249950.0), (77500, 97093), 118.20744477400736, 3971006.8603354204, 3795164.923482989]
[(-0.8552842324563666, -91.27846097563557), (-9147550.0, -105750.0), (91057, 88934), 196.66468925559565, 41661.93596270401, 28971.137678562663]
[(63.99822007981566, -126.23341142975835), (-7526850.0, 7250050.0), (17499, 105141), 2116.638844961511, 15833.020503372714, 0.0]
[(63.9971225310222, -122.27571222510143), (-7291050.0, 7249950.0), (17500, 107499), 1865.1680889399754, 605611.5918784391, 0.0]
[(52.393293642988, -99.4983299649225), (-7323750.0, 6121750.0), (28782, 107172), 604.3053863734792, 11663902.72147919, 8786.946520032594]
[(41.80781359773781, -87.33231028541377), (-7291050.0, 4990450.0), (40095, 107499), 196.41283053812955, 44289377.130446196, 10112892.139579829]
[(29.52285251364307, -90.16540761452649), (-8290950.0, 3587950.0), (54120, 97500), 195.8494319624134, 42508203.218523934, 1151264.2618264046]
[(26.309487742892177, -80.64131296390514), (-7553350.0, 3208950.0), (57910, 104876), 230.67292862405853, 18136831.36961438, 6211382.528355788]
[(13.243946841451073, -83.75421397720753), (-8255550.0, 1631950.0), (73680, 97854), 178.4432682955566, 7960537.849556899, 173728.019592233]
[(2.922968655258427, -74.65326870244428), (-7475950.0, 361350.0), (86386, 105650), 248.26800035445567, 44988742.829471275, 981318.2263886356]
[(0.8932980200781775, -73.58411758150869), (-7374250.0, 110450.0), (88895, 106667), 706.3200407747184, 26883991.082017533, 13432.171462039463]
[(-7.3087504158065695, -74.19558264311122), (-7398750.0, -902750.0), (99027, 106422), 526.8415321517467, 25929609.04761521, 58358.39672559267]
[(-15.182882293980809, -74.89952005407889), (-7343750.0, -1868850.0), (108688, 106972), 159.70597985047397, 125784.16811935697, 104514.04095996358]
[(-26.3145469944573, -80.08298077244304), (-7500850.0, -3209550.0), (122095, 105401), 26.076809620810597, 26.01190724223852, 26.01190724223852]
[(63.99822007981566, -105.50770946347825), (-6291050.0, 7250050.0), (17499, 117499), 4526.617500960292, 7117.170647551482, 0.0]
[(59.56340628478425, -96.19380591109909), (-6291050.0, 6834950.0), (21650, 117499), 2169.3936940998055, 110711.80246174487, 0.0]
[(53.64777279277207, -87.05597892874883), (-6291050.0, 6249950.0), (27500, 117499), 2264.4842679956955, 4115177.3950728835, 0.0]
[(42.99236509550842, -87.04960911371357), (-7181950.0, 5121050.0), (38789, 108590), 574.0601013831217, 87473866.88443552, 3077639.949359611]
[(35.12503115346237, -79.19641406562418), (-7006850.0, 4237550.0), (47624, 110341), 88.05679985100527, 7432148.094746225, 1305358.079749175]
[(21.051246646922856, -73.4585984528395), (-7054550.0, 2580350.0), (64196, 109864), 145.2618325645109, 25430142.693505246, 5884.387174037984]
[(10.130244031178352, -64.12179162551111), (-6364450.0, 1250050.0), (77499, 116765), 215.7127719909046, 23092560.026545852, 1482462.3884247434]
[(2.0224850847838893, -64.52262572890761), (-6464150.0, 250050.0), (87499, 115768), 750.434540782872, 16115749.93043674, 4771.216875055456]
[(-0.9830758728622745, -68.2746287140227), (-6842050.0, -121550.0), (91215, 111989), 812.473384179445, 1088420.0214009811, 1104.7216754061983]
[(-10.936153394213397, -71.94020339468074), (-7128950.0, -1349050.0), (103490, 109120), 826.0750571225353, 4549115.539416134, 2817.146421507001]
[(-20.167037019603914, -67.50307747528224), (-6505950.0, -2473750.0), (114737, 115350), 364.2444234302016, 12944480.090136334, 99506.41109234095]
[(-25.01701795539827, -68.96064220784659), (-6502850.0, -3055350.0), (120553, 115381), 487.95491595023407, 1653730.6884870532, 2297.0211766902357]
[(-31.01857679353802, -69.88103556399959), (-6365150.0, -3762850.0), (127628, 116758), 204.16659863944446, 14278200.578290101, 56207.926454440225]
[(65.20846539265675, -108.56159510955221), (-6290950.0, 7359450.0), (16405, 117500), 2359.79681328711, 7118.960313156183, 0.0]
[(53.64875660947075, -87.05588143670147), (-6290950.0, 6250050.0), (27499, 117500), 2781.764907392427, 17105.649180835237, 0.0]
[(53.64777279277207, -73.21791073206484), (-5291050.0, 6249950.0), (27500, 127499), 3017.513214552672, 12682601.600737937, 0.0]
[(43.67738118064572, -76.79162757610378), (-6290950.0, 5196150.0), (38038, 117500), 246.0, 36696632.573995575, 891864.83495171]
[(32.32224293157866, -64.80269613923625), (-5851250.0, 3914450.0), (50855, 121897), 19.697715603592208, 62806.0000082273, 62806.0000082273]
[(18.487586010370375, -64.45625941184834), (-6251950.0, 2270650.0), (67293, 117890), 33.97057550292606, 36762.427544020175, 36742.494112879096]
[(10.130244031178352, -62.7294275402177), (-6226250.0, 1250050.0), (77499, 118147), 187.9627622695517, 3743774.916039379, 416988.44515386363]
[(2.0224850847838893, -54.08685223980651), (-5418650.0, 250050.0), (87499, 126223), 1009.6954986529355, 4668941.0683047995, 30.165896713733673]
[(2.021676123838072, -53.73847751799093), (-5383750.0, 249950.0), (87500, 126572), 1294.1854581164168, 4979762.624798075, 311.1961690746248]
[(-7.403676273828041, -53.06630986382249), (-5291050.0, -914450.0), (99144, 127499), 966.3498331349781, 2553464.006542797, 422.0720980775368]
[(-19.195446041603493, -61.391291438940286), (-5939150.0, -2356350.0), (113563, 121018), 775.1264412984503, 8006247.469632008, 911.1294379550964]
[(-30.507056902861816, -62.59254761994), (-5720150.0, -3703150.0), (127031, 123208), 365.60361048545457, 13657485.430277465, 117967.20793411043]
[(-36.43494213240962, -68.96636514530164), (-6039350.0, -4387150.0), (133871, 120016), 266.54267950930483, 16523062.998697098, 12163.456285618478]
[(-48.825706721445194, -73.6826274529128), (-5689750.0, -5749950.0), (147499, 123512), 409.7035513636659, 2984944.8379103383, 2108.347715618089]
[(-48.82665324001892, -74.33749067961371), (-5740250.0, -5750050.0), (147500, 123007), 328.4158948650324, 94520.47264066385, 155.46584459021688]
[(65.67161702820485, -92.34805611398218), (-5290950.0, 7400850.0), (15991, 127500), 1471.7961815414524, 8120.037021278278, 0.0]
[(53.64875660947075, -73.21760876934574), (-5290950.0, 6250050.0), (27499, 127500), 2566.572812136839, 15273.136437759851, 0.0]
[(53.64777279277207, -73.21652692524516), (-5290950.0, 6249950.0), (27500, 127500), 3117.1782111390426, 1934196.6344338628, 0.0]
[(44.16990514551098, -64.92140380942898), (-5290950.0, 5249950.0), (37500, 127500), 76.16429609731846, 7836.726570086204, 7831.418726013624]
[(2.0224850847838893, -52.81220061421281), (-5290950.0, 250050.0), (87499, 127500), 1029.6038072967679, 274095.85703633237, 20.50208282470703]
[(2.021676123838072, -52.63251544527333), (-5272950.0, 249950.0), (87500, 127680), 1072.401510629298, 15740807.119306805, 3.0830154425932506]
[(-8.668517849368735, -53.16748671007684), (-5290950.0, -1070250.0), (100702, 127500), 1190.1197418747408, 4947082.248147799, 427.85786382853985]
[(-14.350544919265847, -51.890850683640274), (-5099850.0, -1767250.0), (107672, 129411), 186.81809334215998, 32205269.177384548, 54903.90959020471]
[(-28.328218227409764, -57.129420594934324), (-5290950.0, -3447550.0), (124475, 127500), 217.79348015953096, 70831020.0705899, 130766.19299855444]
[(-32.674296480534316, -52.84626498769642), (-4760050.0, -3955250.0), (129552, 132809), 191.2066944434739, 23876515.552625284, 370499.3641944735]
[(-48.825706721445194, -67.8084783580244), (-5236150.0, -5749950.0), (147499, 128048), 174.26990560621763, 37616.058830707334, 734.4475041553378]
[(-53.02081639593653, -72.5383242410661), (-5290950.0, -6186050.0), (151860, 127500), 392.674165180242, 533054.300449017, 998.4929880267009]
[(63.99822007981566, -68.34131674016272), (-4074950.0, 7250050.0), (17499, 139660), 2086.8246212846925, 9835.642839702059, 0.0]
[(63.9971225310222, -71.05979715604592), (-4237150.0, 7249950.0), (17500, 138038), 1116.7779546534755, 13870.340568568732, 0.0]
[(52.376747562519604, -58.28177696904527), (-4290950.0, 6120050.0), (28799, 137500), 894.3433345198029, 399101.0734557974, 3168.993998007383]
[(-4.98563463625873, -41.136166843148224), (-4113150.0, -616150.0), (96161, 139278), 79.40403012442127, 13795761.62540264, 714872.5509736977]
[(-10.352399604773089, -42.83774948943414), (-4250050.0, -1277350.0), (102773, 137909), 173.83325343558406, 36249146.72158766, 232698.71916046226]
[(-17.68196433825992, -43.74011008874553), (-4254650.0, -2172950.0), (111729, 137863), 95.26804291051643, 24164495.978085257, 293570.1947791324]
[(-23.299168084308935, -45.00114821859933), (-4279050.0, -2850250.0), (118502, 137619), 74.41102068914255, 16134924.422424983, 1277785.8824916424]
[(-51.68191050351615, -57.71197882331533), (-4290950.0, -6048450.0), (150484, 137500), 34.438350715445125, 0.0, 0.0]
[(68.76668174885717, -43.446523620579526), (-2291050.0, 7670550.0), (13294, 157499), 2848.75569328084, 44722.52626793324, 0.0]
[(63.9971225310222, -47.431615899032806), (-2828250.0, 7249950.0), (17500, 152127), 2515.7275289665213, 8328.107428112751, 0.0]
[(38.48219594052742, -28.422593628738962), (-2446750.0, 4619050.0), (43809, 155942), 57.3149195236284, 82392.98217742001, 36810.238453450394]
[(16.775738524488432, -24.76000086438482), (-2415750.0, 2062850.0), (69371, 156252), 50.21951811795888, 561180.627469236, 189710.56331309304]
[(-3.8739161702071327, -32.46706296190799), (-3249350.0, -478850.0), (94788, 147916), 34.828149534535996, 3118.34395423159, 3118.34395423159]
[(-20.51683792094426, -29.31837712287103), (-2821750.0, -2515950.0), (115159, 152192), 43.139309220245984, 0.0, 0.0]
[(76.0343124823424, -56.53781541486437), (-2290950.0, 8249950.0), (7500, 157500), 8051.392177754105, 268803.50359639793, 0.0]
[(63.9971225310222, -21.958662168266105), (-1309350.0, 7249950.0), (17500, 167316), 125.93649193144932, 19057.625741750468, 19057.625741750468]
[(37.8053867704901, -25.27050175389771), (-2188050.0, 4542650.0), (44573, 158529), 42.95346318982906, 135541.01633454862, 135541.01633454862]
[(32.803859295402276, -17.17429893688162), (-1545550.0, 3970250.0), (50297, 164954), 48.010415536631214, 2227768.314246928, 258135.872280921]
[(22.013209354368282, -13.498895014024395), (-1291050.0, 2696050.0), (63039, 167499), 859.8331233442917, 576350.2030006967, 863.6941280439496]
[(18.316778093880636, -14.324386276534645), (-1390250.0, 2249950.0), (67500, 166507), 353.27184999657135, 30583802.53754446, 55321.33715775446]
[(9.954514369835396, -13.541790629596049), (-1344550.0, 1228450.0), (77715, 166964), 54.74486277268398, 7227638.860560472, 4242063.624505671]
[(-7.948234377486003, -14.316816938936242), (-1426350.0, -981550.0), (99815, 166146), 46.400431032480725, 978.5509084053338, 978.5509084053338]
[(76.0343124823424, -31.85905096567763), (-1290950.0, 8249950.0), (7500, 167500), 2040.4452945374449, 79753.94261823199, 0.0]
[(63.9971225310222, -17.220951042489823), (-1026850.0, 7249950.0), (17500, 170141), 191.09421759959145, 4837235.735741835, 565.6527224872261]
[(53.60547663109039, -10.122347067441204), (-731950.0, 6245650.0), (27543, 173090), 44.64302857109943, 7038832.058029556, 378867.7898616869]
[(35.29007648928397, -5.088711121003901), (-449650.0, 4256450.0), (47435, 175913), 85.58621384311844, 34196683.296864584, 3045240.032947861]
[(28.138945863315183, -4.997546339530294), (-463350.0, 3425250.0), (55747, 175776), 983.0005086468674, 35866350.266858414, 3280.2734445892274]
[(19.7554501305796, -4.613313116929846), (-445350.0, 2424050.0), (65759, 175956), 1459.1237096284879, 292390.7853713089, 0.0]
[(18.316778093880636, -4.920417670461514), (-477550.0, 2249950.0), (67500, 175634), 1034.2001740475584, 44553875.19589111, 48.624886870384216]
[(8.863497531384798, -3.5197131859562654), (-350150.0, 1094250.0), (79057, 176908), 334.24841061701403, 51316726.190788, 636608.211265265]
[(-15.906457950475687, -5.683528601157157), (-556050.0, -1957050.0), (109570, 174849), 31.144823004794873, 3562.9133486757055, 3562.9133486757055]
[(-37.11944033757955, -12.268226000794597), (-1068350.0, -4464950.0), (134649, 169726), 65.94694837519019, 353.535736951977, 353.535736951977]
[(-40.310268163235435, -9.951563353616892), (-842750.0, -4824050.0), (138240, 171982), 66.46803743153546, 0.0, 0.0]
[(64.70830712222646, 12.088346568502015), (708950.0, 7314450.0), (16855, 187499), 163.68872899500442, 66906.22522069048, 60369.8869529888]
[(60.2577693912442, 6.932100350170008), (447350.0, 6901350.0), (20986, 184883), 149.00335566691106, 20349413.97454811, 263616.0309451311]
[(52.538412952959625, 5.258433915910755), (386250.0, 6136650.0), (28633, 184272), 112.0714058089752, 188578071.44995716, 14505729.294008099]
[(35.470111553252046, 4.794345333169235), (423050.0, 4277050.0), (47229, 184640), 95.524865872714, 71121228.50389059, 4553686.057881162]
[(26.65624135843549, 6.300613380366979), (589050.0, 3250050.0), (57499, 186300), 815.2079489308234, 14708205.935065813, 251.99989265017211]
[(19.801805727343616, -2.0550475961059207), (-198350.0, 2429650.0), (65703, 178426), 1639.261114038883, 422811.13947224896, 0.0]
[(18.316778093880636, -2.9977918986928644), (-290950.0, 2249950.0), (67500, 177500), 910.6063913678621, 72281017.64760394, 1.4630236625671387]
[(10.12943038353367, 3.9881798827304977), (395850.0, 1249950.0), (77500, 184368), 134.2013412749664, 158848353.1585821, 956304.4646453233]
[(0.19693513401241705, 6.554922594249761), (656950.0, 24350.0), (89756, 186979), 89.67719888578144, 257756.72034400702, 256561.09505032748]
[(67.2042883937294, 16.879245691633), (929650.0, 7535950.0), (14640, 189706), 413.9975845340163, 1529449.820307071, 22476.834884286858]
[(59.06778732766547, 13.630470401387644), (899750.0, 6787250.0), (22127, 189407), 210.95260131128984, 30849896.76280083, 931463.7547081877]
[(46.152934358591565, 10.57444903015284), (843150.0, 5464850.0), (35351, 188841), 95.75489543621255, 140289329.37567744, 7353709.997805269]
[(40.3963219906331, 8.379464509288185), (709050.0, 4833650.0), (41663, 187500), 93.1933474020544, 48225401.23014707, 678970.1270963793]
[(26.65624135843549, 18.279319644135725), (1708950.0, 3250050.0), (57499, 197499), 1250.9600313359335, 8813467.370324537, 1.6791884452104568]
[(26.655397192939507, 17.59254101803244), (1644750.0, 3249950.0), (57500, 196857), 1070.4022608346827, 718827.6519102431, 12.891959350556135]
[(18.316778093880636, 14.232685476059077), (1381350.0, 2249950.0), (67500, 194223), 1128.6491926192125, 92116908.63818192, 0.0]
[(2.0224850847838893, 16.851453460521228), (1688250.0, 250050.0), (87499, 197292), 513.989299499513, 111583100.40777422, 19843.62517409958]
[(2.021676123838072, 12.437581594853512), (1246050.0, 249950.0), (87500, 192870), 467.266519237148, 34541446.473217234, 134189.12770802015]
[(-8.946375838535378, 14.266308146661014), (1419050.0, -1104450.0), (101044, 194600), 194.61243536834948, 29366572.057545476, 10905192.58709178]
[(-16.70008983307524, 17.511421216060924), (1708950.0, -2053650.0), (110536, 197499), 429.0943952092593, 9187750.575705376, 36746.97613587743]
[(-25.100162850877815, 15.334986301815752), (1445450.0, -3065250.0), (120652, 194864), 439.24594477354026, 996576.6224890903, 1732.546954755322]
[(-31.165283047445957, 18.730618939209513), (1704450.0, -3779950.0), (127799, 197454), 69.46221994724903, 6872262.076274933, 109858.34316073169]
[(67.18364322723106, 38.35000192299938), (2113350.0, 7534150.0), (14658, 201543), 761.5274125072583, 1241447.3021923834, 2531.083567368798]
[(63.171721799831886, 44.59444810233255), (2708950.0, 7174350.0), (18256, 207499), 564.3580423808985, 43441501.942083456, 26677.360928205773]
[(44.90513346062914, 29.40417795415451), (2377450.0, 5329950.0), (36700, 204184), 132.90974381135493, 54896471.87270261, 748636.6969296245]
[(40.539836599961895, 32.056880235742476), (2708950.0, 4849650.0), (41503, 207499), 145.04137340772803, 65211958.23143175, 1519245.778764016]
[(26.994098552740724, 26.384510126232172), (2462150.0, 3290050.0), (57099, 205031), 1285.9755052099554, 3606642.8700890057, 46.784751024097204]
[(24.216885850019903, 18.052156496483946), (1709050.0, 2959950.0), (60400, 197500), 1497.2808687751274, 262986.6913047456, 0.0]
[(18.316778093880636, 25.072956507558523), (2433450.0, 2249950.0), (67500, 204744), 1004.0647389486397, 24299403.38132248, 4536.5628871917725]
[(10.12943038353367, 25.962713524825958), (2576950.0, 1249950.0), (77500, 206179), 842.0647243531818, 15093567.088711249, 8777.516164867673]
[(-3.0969457759091017, 20.762003547131606), (2078950.0, -382850.0), (93828, 201199), 407.265269818088, 25906736.886743125, 216372.39925466105]
[(-13.737701788212178, 18.067825302620612), (1778650.0, -1692350.0), (106923, 198196), 625.0887936925442, 42139761.84810367, 8292.332179933786]
[(-16.612121495757002, 21.02525514196116), (2052450.0, -2042950.0), (110429, 200934), 539.8018154841645, 6931361.427676906, 24750.027388066053]
[(-22.463025463064007, 23.23753777907758), (2218050.0, -2750050.0), (117500, 202590), 956.0962294664696, 32274438.860856887, 47.753854176960886]
[(-30.908817450595652, 20.23517966303505), (1844450.0, -3750050.0), (127500, 198854), 96.77293009927931, 7818169.532490761, 19813.187702383148]
[(66.99583163409363, 48.915068732690735), (2709050.0, 7517750.0), (14822, 207500), 1160.9117106825997, 300892.3750397195, 0.0]
[(61.97165792133965, 58.90756476372137), (3672050.0, 7063050.0), (19369, 217130), 578.5576894312269, 19212433.301261775, 356.94442113116384]
[(49.16878070595745, 46.17602267580783), (3550250.0, 5786150.0), (32138, 215912), 244.07375934335914, 39295557.12528878, 791967.4250994292]
[(35.234173977104334, 41.67351014268776), (3683950.0, 4250050.0), (47499, 217249), 357.4045327076868, 65370640.01691436, 292168.14754813723]
[(26.65624135843549, 28.97661773717539), (2709050.0, 3250050.0), (57499, 207500), 1401.598016551108, 155958375.61435392, 0.0]
[(26.655397192939507, 29.087724986465005), (2719450.0, 3249950.0), (57500, 207604), 1002.0024950068737, 22832092.06595767, 176.91598510742188]
[(10.130244031178352, 31.32164317340386), (3108850.0, 1250050.0), (77499, 211498), 513.3517312720393, 46627207.89894244, 125964.10694913194]
[(6.8415337525305615, 27.149726761992316), (2709050.0, 845150.0), (81548, 207500), 793.6403467566402, 53636159.65286363, 10230.495747905225]
[(-0.9733701159631517, 33.10770495825043), (3317850.0, -120350.0), (91203, 213588), 780.6977648232381, 176180432.76151234, 1059486.8253734168]
[(-6.81071671640942, 30.033827680740487), (2996950.0, -841350.0), (98413, 210379), 361.09278585981195, 54591142.03047776, 1582985.7604571437]
[(-15.892502231435763, 29.669496231616616), (2902850.0, -1955350.0), (109553, 209438), 238.10291892372928, 58300392.6556538, 880221.3995025135]
[(-22.734849481570635, 31.64176276054637), (3016550.0, -2782650.0), (117826, 210575), 151.72672803431834, 31231634.00013803, 452949.2638066665]
[(-31.240814443233216, 29.96552002508764), (2725450.0, -3788750.0), (127887, 207664), 49.040799340956916, 191058.02887318126, 191058.02887318126]
[(-46.8969501871147, 37.758677454942195), (2984850.0, -5544750.0), (145447, 210258), 104.12012293500234, 0.0, 0.0]
[(76.0343124823424, 106.49257041290817), (4315150.0, 8249950.0), (7500, 223561), 2879.7571078130877, 491994.39756823285, 0.0]
[(60.012467638560885, 58.55341142797918), (3796650.0, 6877950.0), (21220, 218376), 531.3266415304242, 16064809.934322443, 274910.6826356293]
[(44.17082203684454, 57.780668461647274), (4708950.0, 5250050.0), (37499, 227499), 571.9090836837618, 7193137.843137693, 127.61148132476956]
[(42.03935347286918, 56.532276871805315), (4708950.0, 5016050.0), (39839, 227499), 734.5433955866733, 75499018.94260357, 143.86188216181472]
[(35.23330061546334, 42.004675025158456), (3713250.0, 4249950.0), (47500, 217542), 675.6663377733125, 65209322.302773595, 65746.52698887605]
[(21.235636721818988, 49.0718145218784), (4708950.0, 2602550.0), (63974, 227499), 1530.580608788704, 32653576.728061195, 0.0]
[(17.67784500014529, 48.40987434498351), (4708950.0, 2172450.0), (68275, 227499), 696.4165420206501, 76788034.17933446, 247.3170958328992]
[(4.684361695873862, 44.13939465274888), (4414650.0, 578950.0), (84210, 224556), 339.27127788835884, 107306583.28563832, 746828.0907084495]
[(-2.720682628933979, 38.771160470738835), (3883050.0, -336350.0), (93363, 219240), 391.8328725362383, 29066134.911480755, 792011.8498317741]
[(-8.542614101709926, 38.06342073819652), (3788650.0, -1054750.0), (100547, 218296), 488.77909120583297, 24166557.664502267, 198665.66934929136]
[(-16.490470989676528, 38.16902595676311), (3727450.0, -2028150.0), (110281, 217684), 155.92626462530293, 29082510.73015909, 945155.0241497122]
[(-24.27050297223393, 43.90417855215783), (4155450.0, -2966350.0), (119663, 221964), 135.80132547217644, 6684103.598361513, 794537.9607312763]
[(67.68782052460227, 105.02036720475347), (5708950.0, 7577950.0), (14220, 237499), 2296.4045810788657, 25994.720503930934, 0.0]
[(63.9971225310222, 95.74285285486903), (5708950.0, 7249950.0), (17500, 237499), 2010.3770790575584, 3515093.3539681896, 0.0]
[(44.17082203684454, 62.043403089022014), (5056350.0, 5250050.0), (37499, 230973), 789.6961440959427, 5252607.079350224, 1874.8607806679793]
[(42.040258541779856, 56.53398198874483), (4709050.0, 5016150.0), (39838, 227500), 880.4163787663199, 35441700.167060204, 95.31305526196957]
[(30.098231394164426, 59.05798828531496), (5411150.0, 3655350.0), (53446, 234521), 803.5178902799862, 27598640.399660572, 13840.47666214779]
[(19.894532373768048, 48.80676435601203), (4709050.0, 2440850.0), (65591, 227500), 1457.0772114064512, 19716324.0149043, 0.0]
[(17.77012682228935, 48.42631836637218), (4709050.0, 2183650.0), (68163, 227500), 861.3646150150353, 3395685.43071804, 889.4954647868872]
[(9.995189289118493, 48.1938770688796), (4784750.0, 1233450.0), (77665, 228257), 240.01041644062033, 1803229.611952046, 280462.5639807433]
[(-5.436023989973654, 53.344138888175), (5331450.0, -671750.0), (96717, 233724), 45.221676218380054, 110946.35178020224, 149.07196624577045]
[(-14.208937821201411, 49.08077289009683), (4825550.0, -1749950.0), (107499, 228665), 172.32527382830412, 1982137.978283599, 947292.7496365057]
[(-15.46661848200465, 50.18740339230127), (4916650.0, -1903450.0), (109034, 229576), 157.87653403846943, 7384621.230552123, 886869.3041305635]
[(67.49053127429015, 104.45885086324284), (5709050.0, 7560850.0), (14391, 237500), 2325.692370026612, 34192.60793760419, 0.0]
[(63.9971225310222, 112.51351170717446), (6708950.0, 7249950.0), (17500, 247499), 1102.082574038806, 8408791.561816998, 5.469965116586536]
[(51.78259110965329, 90.36048484711841), (6708950.0, 6058850.0), (29411, 247499), 720.0805510496725, 6070985.183009623, 7220.1882944451645]
[(36.136518363469094, 76.43025038279666), (6708950.0, 4353150.0), (46468, 247499), 351.0968527343986, 73857429.89108595, 266656.7203027457]
[(30.449713968636427, 65.28673715919871), (5968550.0, 3696450.0), (53035, 240095), 709.3215067936401, 227969160.44602022, 452465.7019846849]
[(25.71812823037217, 64.10919638404235), (6023650.0, 3138750.0), (58612, 240646), 316.89745975630666, 54174685.43806993, 234048.41685805842]
[(-19.732274257653856, 63.305002864639654), (6111750.0, -2421250.0), (114212, 241527), 32.64965543462902, 41074.60592135787, 41074.60592135787]
[(68.66571503441797, 126.85686572578199), (6709050.0, 7661950.0), (13380, 247500), 1307.707153761881, 35542.397735330276, 0.0]
[(60.79050255127249, 105.06023674001051), (6709050.0, 6951950.0), (20480, 247500), 1171.3842238992295, 1173305.9958710875, 0.0]
[(53.64777279277207, 99.72888178327202), (7206850.0, 6249950.0), (27500, 252478), 930.7357304842229, 5462971.812109105, 231.52118008211255]
[(35.234173977104334, 86.7333217447367), (7667250.0, 4250050.0), (47499, 257082), 3125.7603874897386, 14652181.141723473, 0.0]
[(35.23330061546334, 83.77914870735266), (7406150.0, 4249950.0), (47500, 254471), 2155.7481300003487, 343194462.8275882, 0.0]
[(24.077856341664532, 70.93707997345838), (6720350.0, 2943350.0), (60566, 247613), 224.35017272112808, 369284754.23522276, 3410924.221798255]
[(15.984452610951118, 78.81408813910424), (7708950.0, 1966550.0), (70334, 257499), 143.39107364128355, 173931191.47123116, 4988383.495296054]
[(9.195054378941329, 77.22168731960357), (7677850.0, 1135050.0), (78649, 257188), 110.07270324653611, 26357686.704200573, 20197946.546009652]
[(0.2883262252252393, 73.40755644825481), (7357050.0, 35650.0), (89643, 253980), 45.39823785126467, 63029.03025711228, 29970.434951177267]
[(66.59104381086057, 147.66290703058155), (8265150.0, 7482250.0), (15177, 263061), 1081.1410638764953, 37736.40362116881, 41.479208309203386]
[(59.702068478763934, 130.78100524962437), (8530550.0, 6848250.0), (21517, 265715), 1249.1937399779108, 625955.0952493292, 0.506222540512681]
[(50.49059003234142, 111.9143310279693), (8457450.0, 5924750.0), (30752, 264984), 666.2739676739592, 4623966.8871685015, 15562.260588795412]
[(35.234173977104334, 87.20617092129021), (7709050.0, 4250050.0), (47499, 257500), 2774.779630889632, 3489301.599233359, 0.0]
[(35.23330061546334, 87.20558540434868), (7709050.0, 4249950.0), (47500, 257500), 2550.286650555188, 58294596.92335191, 0.0]
[(21.917485729419337, 89.72253585582058), (8584750.0, 2684550.0), (63154, 266257), 133.80956617521784, 622960949.7715169, 11018406.298075302]
[(15.748861833365735, 78.75818889093598), (7709050.0, 1937850.0), (70621, 257500), 165.19382555047267, 107140112.37097214, 2810196.880010003]
[(6.632317084410869, 81.63790641213916), (8148150.0, 819350.0), (81806, 261891), 105.89145385724005, 35898277.21844165, 4003157.125949723]
[(66.216864926359, 158.3902722979276), (8951250.0, 7449250.0), (15507, 269922), 1130.0995531368021, 16022.574326151516, 17.276249365881085]
[(57.57980656604627, 128.92702420636982), (8741650.0, 6642550.0), (23574, 267826), 1426.4336647737953, 136704.7268228517, 0.0]
[(53.64777279277207, 134.35311221819504), (9708950.0, 6249950.0), (27500, 277499), 539.853683881105, 6602748.043278417, 3234.1431517009623]
[(38.79126918948864, 104.47803046238234), (8969750.0, 4653850.0), (43461, 270107), 619.4271547163556, 59790859.913589515, 382392.63613335334]
[(33.83254981270369, 98.38987307523307), (8789450.0, 4089050.0), (49109, 268304), 493.9635614091388, 102879698.35543121, 162963.91466424987]
[(26.655397192939507, 97.44807695506032), (9110550.0, 3249950.0), (57500, 271515), 377.02121956197635, 95417384.78317638, 97561.70288642496]
[(18.056976075714744, 94.7668031100469), (9206050.0, 2218450.0), (67815, 272470), 247.64894508154077, 25229473.25244502, 2054310.8475306667]
[(3.8836299154118636, 97.01119495580933), (9708950.0, 480050.0), (85199, 277499), 198.20443990990717, 2723690.1128751077, 566060.0254937969]
[(-12.079717470326791, 96.84096043510537), (9572450.0, -1489350.0), (104893, 276134), 34.92849839314596, 495.24711812334135, 495.24711812334135]
[(63.99822007981566, 169.06004400872973), (10080450.0, 7250050.0), (17499, 281214), 795.9459780663509, 18726.35556753259, 502.7575950464234]
[(62.67361903733002, 174.37922358016), (10708850.0, 7128350.0), (18716, 287498), 1040.0004807691196, 96188.14807345998, 52.8296202737838]
[(53.64777279277207, 135.8711482993713), (9818650.0, 6249950.0), (27500, 278596), 918.313671900838, 46899616.81960614, 738.3482538959943]
[(42.05655060537078, 127.86054370117665), (10648550.0, 5017950.0), (39820, 286895), 152.8397853963424, 311038280.412788, 1928364.8762839937]
[(29.24670272442504, 112.89963802024474), (10398950.0, 3555550.0), (54444, 284399), 109.65856099730654, 372440611.1717167, 14866912.019704241]
[(18.59076229513021, 101.29281246473829), (9821250.0, 2283150.0), (67168, 278622), 164.61470165206995, 169438123.87070015, 746539.3938275224]
[(14.345633119767715, 107.09881850762059), (10525850.0, 1766650.0), (72333, 285668), 294.4163718273833, 129156703.66889329, 1703624.3958470805]
[(3.7978266355582266, 97.07211995448134), (9715650.0, 469450.0), (85305, 277566), 266.54080363051355, 58923017.643026866, 829185.9828482158]
[(0.48890247320105734, 102.52842157504134), (10275450.0, 60450.0), (89395, 283164), 247.19425559668656, 56351182.48768631, 2248993.369204063]
[(-6.770169138937862, 105.34165882601496), (10512150.0, -836350.0), (98363, 285531), 80.09993757800315, 50103963.84980699, 4260708.858195582]
[(-27.151332995786582, 114.21940066351031), (10649450.0, -3308650.0), (123086, 286904), 315.0, 67336.1697471966, 1867.4857713126694]
[(-32.417970770771305, 116.37490853599286), (10500950.0, -3925550.0), (129255, 285419), 158.4929020492716, 2647569.2702065455, 2353774.227563705]
[(62.17851564494444, 172.54610132836717), (10709050.0, 7082350.0), (19176, 287500), 1414.0187410356343, 30576.326693599112, 0.0]
[(48.14779390703327, 137.51967138032649), (10709050.0, 5678150.0), (33218, 287500), 949.2402224937584, 1179796.309446427, 21474.373492699582]
[(44.16990514551098, 134.50735210673906), (10962050.0, 5249950.0), (37500, 290030), 303.1336338976591, 69512611.38950081, 216189.28721499536]
[(31.243389779124495, 120.10215284917476), (10923450.0, 3789050.0), (52109, 289644), 139.52060779684126, 217817718.95232928, 44376564.36493815]
[(23.63267570952949, 121.09436532129605), (11496550.0, 2890150.0), (61098, 295375), 141.15594213493105, 176250333.44457045, 8005141.227267274]
[(12.317135225227245, 108.61407431351027), (10730250.0, 1518450.0), (74815, 287712), 136.7040599250805, 5884353.448479515, 3241995.660414866]
[(2.0224850847838893, 115.34898498907292), (11556150.0, 250050.0), (87499, 295971), 625.389478645108, 4974375.933356847, 11050.98962854594]
[(2.021676123838072, 115.84403723323392), (11605750.0, 249950.0), (87500, 296467), 693.8767902156693, 16296458.319441421, 15132.693959005177]
[(-8.702636473836314, 114.48642407448494), (11392450.0, -1074450.0), (100744, 294334), 111.07204868912791, 114553865.29518636, 8843031.233848516]
[(-20.450501736055646, 121.62505755900189), (11708950.0, -2507950.0), (115079, 297499), 833.7637555087173, 99912.7794116736, 63.44536138267722]
[(-28.092283847454183, 126.25489841314186), (11708950.0, -3419750.0), (124197, 297499), 1452.0430434391399, 88240.74320394697, 0.0]
[(-30.908817450595652, 128.4571047821813), (11708950.0, -3750050.0), (127500, 297499), 695.2078825790168, 30474.188446812237, 50.99558278199402]
[(-54.558482743617226, 158.88757080574405), (11323250.0, -6342150.0), (153421, 293642), 29.966648127543394, 0.0, 0.0]
[(55.26189196245711, 166.13205404539744), (11709050.0, 6412850.0), (25871, 297500), 65.55150646628954, 537.9966300334781, 452.72090580128133]
[(51.58517985371424, 157.27105901640542), (11709050.0, 6038450.0), (29615, 297500), 349.0, 8816.655390490312, 1983.7191566200927]
[(43.54672265880201, 143.07527623243283), (11737050.0, 5181850.0), (38181, 297780), 111.01801655587259, 64441344.00434441, 681101.7674413462]
[(34.53573330066189, 132.08565414236563), (11738450.0, 4169950.0), (48300, 297794), 59.20304046246274, 42180560.549755216, 3081775.594819355]
[(18.317603097874088, 122.20713220499448), (11860750.0, 2250050.0), (67499, 299017), 82.3286098510111, 1919427.9806457686, 261683.79853742942]
[(10.130244031178352, 119.02446055747855), (11813850.0, 1250050.0), (77499, 298548), 143.01048912579805, 92045103.07854259, 391624.1089289073]
[(3.0621494954988377, 116.93327768871157), (11709050.0, 378550.0), (86214, 297500), 182.60339536821323, 39678961.28700659, 575166.2005295241]
[(-3.3089699681211893, 121.71886913772325), (12186450.0, -409050.0), (94090, 302274), 299.2941696725815, 25661994.68417092, 1655601.9972234396]
[(-14.208937821201411, 127.22066281051168), (12508150.0, -1749950.0), (107499, 305491), 309.864486509829, 8574604.426826278, 14.399600873235613]
[(-22.462191960431817, 126.90683397301416), (12113450.0, -2749950.0), (117499, 301544), 2010.622043050359, 47359.176008958384, 0.0]
[(-22.463025463064007, 124.78161249502605), (11910550.0, -2750050.0), (117500, 299515), 2499.8675964938625, 47348.3222300969, 0.0]
[(-30.908817450595652, 133.34571442616644), (12154550.0, -3750050.0), (127500, 301955), 1168.999572283925, 9051241.368449641, 0.5243014954030514]
[(-42.30837135593606, 146.0109908785241), (12129850.0, -5045750.0), (140457, 301708), 244.62420158275427, 575182.1061935233, 291043.521899502]
[(-50.82652376940947, 166.041658201046), (12491350.0, -5959750.0), (149597, 305323), 80.23091673413684, 0.0, 0.0]
[(51.95316235703709, 177.41430091832828), (13140850.0, 6076450.0), (29235, 311818), 91.13725912051558, 227.89415010041557, 0.0]
[(26.70182981476559, 142.14375677556282), (13285850.0, 3255450.0), (57445, 313268), 31.827660925679098, 0.8591841757297516, 0.8591841757297516]
[(26.556646151396272, 142.17710083069102), (13299450.0, 3238250.0), (57617, 313404), 41.23105625617661, 3255.8264641202986, 1085.2532683871686]
[(2.3145305690907683, 128.49209632660023), (12871350.0, 286150.0), (87138, 309123), 137.6117727521886, 145562.21288995218, 116356.54224870354]
[(-2.6705177439998007, 136.87652346423837), (13708950.0, -330150.0), (93301, 317499), 454.686705325766, 8517813.84282482, 267612.7903759144]
[(-14.065728085473133, 135.05472490284063), (13283550.0, -1732450.0), (107324, 313245), 602.6848264225672, 447814.9483496762, 404.7633321323956]
[(-19.958293942715922, 131.75534744915535), (12709050.0, -2448550.0), (114485, 307500), 1435.691122769797, 63889.74442419775, 0.0]
[(-25.230382358296644, 136.98949350512595), (12903850.0, -3080750.0), (120807, 309448), 1526.0461985143177, 32793.75077921635, 0.0]
[(-30.908817450595652, 139.98746549992904), (12759950.0, -3750050.0), (127500, 308009), 578.6968118108134, 8696983.60292941, 35.80680013739038]
[(-45.93852897764218, 166.94532960148695), (13343850.0, -5441750.0), (144417, 313848), 247.29132617218906, 343237.34428015194, 88969.38408756781]
[(-49.67933193898876, 178.76730805850033), (13654650.0, -5839850.0), (148398, 316956), 30.675723300355934, 0.0, 0.0]
[(18.770758857543473, 145.66805090388), (14114550.0, 2304950.0), (66950, 321555), 50.24937810560445, 151.81636053696275, 0.0]
[(16.349951654874495, 145.67698592584435), (14232650.0, 2011050.0), (69889, 322736), 55.60575509783138, 231924.00001111365, 0.0]
[(9.978919088195065, 139.6186822941391), (13861950.0, 1231450.0), (77685, 319029), 34.0, 13947.196597302653, 1714.585466589051]
[(-2.640581010140147, 136.87547565673296), (13709050.0, -326450.0), (93264, 317500), 450.4220243282959, 10647967.332410818, 41015.17339151353]
[(-14.208937821201411, 142.18630387328972), (13979550.0, -1749950.0), (107499, 320205), 475.32935949718063, 5020517.495742651, 17.020911056402838]
[(-16.682001624983904, 142.73337295681768), (13930250.0, -2051450.0), (110514, 319712), 604.7974867672649, 788623.4357917865, 81.84459791809786]
[(-24.757642189484535, 148.0556906303249), (13979550.0, -3024450.0), (120244, 320205), 163.36768346279504, 5466334.319898288, 3027.848770532524]
[(-32.10505634513837, 151.6024107189532), (13709050.0, -3889250.0), (128892, 317500), 133.843191832831, 265614.695161438, 77685.88064310252]
[(-42.32106289887024, 172.7665302296126), (14350750.0, -5047150.0), (140471, 323917), 197.7978766316767, 1387540.8996894883, 26680.947527298034]
[(7.612216243523643, 155.37355277460668), (15487150.0, 940150.0), (80598, 335281), 43.174066289845804, 57260.47593105015, 2.6104679632699117]
[(-5.846832992253646, 149.98132459488474), (14983250.0, -722450.0), (97224, 330242), 251.76576415390556, 1184786.5777205192, 229023.0116280578]
[(-9.73571637541822, 149.02360206527354), (14802450.0, -1201550.0), (102015, 328434), 242.8373941550189, 1137809.8685546876, 128025.81083862111]
[(-19.914405058413244, 158.3880102246855), (15280650.0, -2443250.0), (114432, 333216), 40.24922359499622, 0.0, 0.0]
[(-29.118951261526103, 167.95271306982968), (15481750.0, -3540550.0), (125405, 335227), 25.942243542145693, 1854.3153147005942, 1854.3153147005942]
[(-35.86830148355368, 175.2664330102489), (15417350.0, -4322550.0), (133225, 334583), 212.08488866489287, 3317058.0385246947, 151581.6020908817]
[(-39.64830107905856, 176.11551421245989), (15005050.0, -4750050.0), (137500, 330460), 108.93117092916977, 447199.18911909213, 61476.140398832096]
[(14.610110566331157, 168.99672156696903), (16597050.0, 1798950.0), (72010, 346380), 42.485291572496, 928.3089743319142, 0.0]
[(9.843075001644966, 160.86588535880855), (15975550.0, 1214750.0), (77852, 340165), 52.46903848937962, 61881.15661811689, 0.0]
[(-5.046381456999513, 159.37172945237623), (15934450.0, -623650.0), (96236, 339754), 34.058772731852805, 2598.734439469874, 2598.734439469874]
[(-10.529841737239305, 161.7081035262115), (16037850.0, -1299150.0), (102991, 340788), 129.80754985747168, 726064.9640656764, 84534.84295784682]
[(-21.882531907162104, 166.4564072926071), (15929150.0, -2680350.0), (116803, 339701), 120.81390648431164, 691794.4955385709, 281423.7454965473]
[(-22.546385372551192, 167.48165952402778), (15980350.0, -2760050.0), (117600, 340213), 39.05124837953327, 1834.4503379040398, 1834.4503379040398]
[(12.247777977042752, 170.1376423549507), (16811050.0, 1509950.0), (74900, 348520), 30.870698080866262, 728.8684519454837, 0.0]
[(9.38851716574699, 170.0712208174898), (16903750.0, 1158850.0), (78411, 349447), 42.80186911806539, 42723.908986081835, 943.0132797034457]
[(-1.4238920587979884, 174.97214696973188), (17532850.0, -176050.0), (91760, 355738), 40.0, 138518.61188603035, 5289.607850210974]
[(-12.47790786842787, 176.9913716428098), (17478750.0, -1538150.0), (105381, 355197), 36.124783736376884, 1748.759125432989, 1048.6317072520033]
[(-18.109749318606134, 177.73220658679622), (17262450.0, -2224850.0), (112248, 353034), 94.82615672903758, 966235.0013963674, 804898.3861313876]
[(-2.6794179078261378, 176.8451262692399), (17711950.0, -331250.0), (93312, 357529), 24.698178070456937, 965.5986447259784, 965.5986447259784]
[(-9.396646753118253, 179.8532676995404), (17875750.0, -1159850.0), (101598, 359167), 42.720018726587654, 11297.928773712367, 127.45011481642723]
