[(27.782811633701964, -175.83476567743676), (-16336050.0, 3383250.0), (56167, 17049), 33.24154027718932, 0.0, 0.0]
[(26.069269452977046, -173.96904008408066), (-16315850.0, 3180450.0), (58195, 17251), 26.076809620810597, 0.0, 0.0]
[(-4.508642311524035, -172.16658882057388), (-17222050.0, -557250.0), (95572, 8189), 57.982756057296896, 7.965494930744171, 0.0]
[(-13.596238618524717, -172.4374611818673), (-16981550.0, -1675050.0), (106750, 10594), 122.53978945632312, 292380.74097544, 234806.40401296038]
[(-19.736412712367454, -175.07492032181852), (-16902250.0, -2421750.0), (114217, 11387), 52.32590180780452, 116623.89355223706, 4289.067218622193]
[(-29.269704391936884, -177.90806191979362), (-16384450.0, -3558250.0), (125582, 16565), 56.568542494923804, 0.0, 0.0]
[(-31.33783711171979, -178.8229556922839), (-16254050.0, -3800050.0), (128000, 17869), 23.0, 0.0, 0.0]
[(22.057333737179807, -159.5159987119642), (-15253350.0, 2701350.0), (62986, 27876), 115.0173899895142, 53261.96215663313, 53261.96215663313]
[(1.832383377488014, -157.40064871585227), (-15770150.0, 226550.0), (87734, 22708), 93.98404119849285, 12525.522213900462, 7243.531459629536]
[(-4.013150652793299, -154.9283701723632), (-15503850.0, -496050.0), (94960, 25371), 58.60034129593445, 0.0, 0.0]
[(-10.440301874144843, -160.98464119877494), (-15968950.0, -1288150.0), (102881, 20720), 52.32590180780452, 315.1723512117751, 153.83368067070842]
[(-18.91117397721639, -159.744138633126), (-15470450.0, -2321950.0), (113219, 25705), 36.68787265568828, 15179.495971891563, 4083.5623587444425]
[(19.634618564714735, -155.6295659377979), (-15030850.0, 2409450.0), (65905, 30101), 209.06697491473875, 1625327.5359331337, 255063.03608602722]
[(-14.425864341271774, -144.93254014599958), (-14241050.0, -1776450.0), (107764, 37999), 66.70832032063167, 3070.6746059656143, 1237.0102034807205]
[(-17.68608371239289, -149.49817025262843), (-14541650.0, -2173450.0), (111734, 34993), 60.30754513325841, 303521.7082683332, 247720.03387741465]
[(-44.05075437272842, -176.49606435072386), (-14402250.0, -5236950.0), (142369, 36387), 67.08203932499369, 634.5296001425013, 634.5296001425013]
[(51.79033919286843, -178.80156968088113), (-13273950.0, 6059650.0), (29403, 47670), 63.694583757176716, 0.0, 0.0]
[(-9.778007582772352, -139.10895771660597), (-13816550.0, -1206750.0), (102067, 42244), 70.40596565632774, 7583.452919000905, 2779.503745302558]
[(-15.812879598955282, -142.21504487172723), (-13917650.0, -1945650.0), (109456, 41233), 56.302753041036986, 6045.073699652581, 865.1470520235598]
[(-23.370189262302095, -149.42076335642807), (-14203350.0, -2858750.0), (118587, 38376), 38.58756276314948, 2890.536240523681, 2005.0629688184708]
[(53.157889371417674, -168.43683111050143), (-12261050.0, 6200050.0), (27999, 57799), 101.6070863670443, 0.0, 0.0]
[(53.156909709826834, -168.6954077961782), (-12280050.0, 6199950.0), (28000, 57609), 104.69479452198185, 518.5232052861247, 23.045476152561605]
[(-21.524857736603888, -135.4908412672982), (-12985850.0, -2637350.0), (116373, 50551), 47.43416490252569, 371.02443915605545, 17.182671070098877]
[(-23.161344539948985, -137.1294191806175), (-13047650.0, -2833750.0), (118337, 49933), 40.607881008493905, 2641.7503914879635, 0.0]
[(55.68993410107524, -161.24343765427324), (-11286450.0, 6455650.0), (25443, 67545), 213.45959805077868, 10482.049154737262, 1312.4728238485952]
[(-24.352620861884578, -128.3313306866095), (-12141450.0, -2976150.0), (119761, 58995), 47.01063709417264, 0.0, 0.0]
[(63.451352274073066, -170.78989438392048), (-10310550.0, 7200050.0), (17999, 77304), 224.65974272218867, 1688.7658685296774, 1272.6196926310658]
[(61.5615806305647, -162.89452016653803), (-10241050.0, 7024650.0), (19753, 77999), 674.50129725598, 48430.57635992924, 9760.829602332655]
[(35.8875736234356, -116.43925624598748), (-10241050.0, 4324750.0), (46752, 77999), 523.0420633180471, 18349090.32143478, 16142.010528716506]
[(32.375707817212664, -113.46154662908803), (-10241050.0, 3920650.0), (50793, 77999), 401.9203901271992, 28498793.823822048, 172970.0812271341]
[(24.84827429301738, -111.39714176637443), (-10513450.0, 3035250.0), (59647, 75275), 130.20752666416791, 1322750.8367531158, 591401.6765339636]
[(63.451352274073066, -153.0740798014197), (-9241050.0, 7200050.0), (17999, 87999), 1189.153059954857, 19561.474449473255, 0.0]
[(63.45026232041739, -160.033924621175), (-9661450.0, 7199950.0), (18000, 83795), 1280.3191008494719, 667584.1034946726, 0.0]
[(53.156909709826834, -127.50532219098433), (-9281650.0, 6199950.0), (28000, 87593), 758.0461727361995, 16127731.437549634, 2352.126940032938]
[(37.36723872683389, -116.27016420398995), (-10104350.0, 4493050.0), (45069, 79366), 665.0090224951839, 11234878.575649578, 10790.695784960568]
[(32.35242325567514, -113.4422485946246), (-10240950.0, 3917950.0), (50820, 78000), 440.50085130451225, 17956501.617505316, 30237.8772328387]
[(25.96396963092874, -102.85847912237116), (-9652050.0, 3167950.0), (58320, 83889), 231.60310878742538, 95329560.61221616, 2083423.0302433148]
[(17.90446233337494, -97.1123593396533), (-9438950.0, 2199950.0), (68000, 86020), 103.23759005323593, 7429058.159302432, 974227.3505538908]
[(-27.078622803825738, -109.384237405652), (-10202750.0, -3300050.0), (123000, 78382), 51.0, 7836.298278328031, 7836.298278328031]
[(68.80781936528915, -156.46651098165242), (-8241050.0, 7674050.0), (13259, 97999), 1016.9532929294246, 157150.68717584573, 0.0]
[(57.360624450056406, -127.44297031475308), (-8674050.0, 6621050.0), (23789, 93669), 1038.084774958192, 777856.8695802509, 504.2925691095443]
[(53.156909709826834, -125.59308235765891), (-9142450.0, 6199950.0), (28000, 88985), 693.1962204167013, 6383966.282412571, 880.6860461674806]
[(43.71211943961508, -112.84234973817738), (-9240950.0, 5199950.0), (38000, 88000), 322.60502165961395, 13707546.6499682, 198125.26073813907]
[(26.981421994477046, -97.57508791771161), (-9106150.0, 3288550.0), (57114, 89348), 204.215572373901, 34426291.912458315, 826033.1792293949]
[(17.905286597104585, -89.81191882970198), (-8729350.0, 2200050.0), (67999, 93116), 404.4762044916858, 11333191.862490337, 135213.49133931275]
[(11.397278288323779, -85.19184670465316), (-8433850.0, 1405650.0), (75943, 96071), 259.53805116013336, 58701587.55083066, 3303933.4465382514]
[(9.258453649299836, -82.89539428734903), (-8241050.0, 1142850.0), (78571, 97999), 199.92248497855363, 599343.2218265841, 393649.9618160054]
[(-0.8552842324563666, -91.27846097563557), (-9147550.0, -105750.0), (91057, 88934), 196.66468925559565, 41661.93596270401, 28971.137678562663]
[(63.451352274073066, -126.9070182811052), (-7661350.0, 7200050.0), (17999, 103796), 1769.0746168548121, 16849.275211898737, 0.0]
[(57.36673468140636, -106.39996783744135), (-7241050.0, 6621650.0), (23783, 107999), 1449.1794229839174, 2194205.00778633, 0.0]
[(52.38453366943433, -98.36244472221732), (-7241050.0, 6120850.0), (28791, 107999), 725.0689622373861, 11113737.046721721, 4669.88061826746]
[(42.244021792398215, -87.10713273924645), (-7241050.0, 5038650.0), (39613, 107999), 480.1353975703104, 50580759.817208864, 8842947.470274545]
[(26.234452008086876, -80.58975917645944), (-7551550.0, 3200050.0), (57999, 104894), 275.230812228573, 40345855.49417288, 2435683.5952675585]
[(26.233609014439775, -80.68864525760083), (-7560850.0, 3199950.0), (58000, 104801), 223.0022421411946, 18688587.189254574, 4713055.243189949]
[(13.551271557338286, -83.67211130856487), (-8240950.0, 1669550.0), (73304, 98000), 133.13526955694348, 6714719.682203003, 157499.16977451928]
[(1.8542244419818898, -73.33288955050092), (-7347250.0, 229250.0), (87707, 106937), 323.20891076825217, 46824151.68947359, 195764.35874469206]
[(0.8932980200781775, -73.58411758150869), (-7374250.0, 110450.0), (88895, 106667), 706.3200407747184, 26607137.91936557, 9841.091389034875]
[(-7.3087504158065695, -74.19558264311122), (-7398750.0, -902750.0), (99027, 106422), 526.8415321517467, 25747492.934975237, 58358.39672559267]
[(-14.619119666161838, -75.44333997022194), (-7409050.0, -1800050.0), (108000, 106319), 170.51979357247652, 136083.74819274293, 68929.93330364302]
[(-26.3145469944573, -80.08191312036664), (-7500750.0, -3209550.0), (122095, 105402), 26.076809620810597, 26.01190724223852, 26.01190724223852]
[(63.451352274073066, -103.38035025723815), (-6241050.0, 7200050.0), (17999, 117999), 5133.640618508467, 6287.576059273308, 0.0]
[(54.62991242254986, -87.67168766817701), (-6241050.0, 6349350.0), (26506, 117999), 2235.3856490547664, 103057.8836404969, 0.0]
[(53.156909709826834, -85.7355201995381), (-6241050.0, 6199950.0), (28000, 117999), 2137.963750862021, 8851827.923731476, 0.0]
[(42.55602937114575, -87.37785508524335), (-7240950.0, 5073050.0), (39269, 108000), 642.8911260859027, 88648565.54078084, 718423.9386199997]
[(26.590403554005615, -77.3686400206921), (-7235850.0, 3242250.0), (57577, 108051), 110.47624178980746, 3959981.518669081, 18628.128160093445]
[(21.051246646922856, -73.4585984528395), (-7054550.0, 2580350.0), (64196, 109864), 145.2618325645109, 28435218.057052583, 5884.387174037984]
[(10.126989445338225, -64.12138990503087), (-6364450.0, 1249650.0), (77503, 116765), 217.52471123989568, 23119318.951797053, 2610615.5293744775]
[(4.615529542376138, -62.87358785519018), (-6288750.0, 570450.0), (84295, 117522), 719.8506789605744, 11821335.465550564, 885.6422958366456]
[(-0.9830758728622745, -68.2746287140227), (-6842050.0, -121550.0), (91215, 111989), 812.473384179445, 1065423.8037659093, 1104.7216754061983]
[(-10.936153394213397, -71.94020339468074), (-7128950.0, -1349050.0), (103490, 109120), 826.0750571225353, 4743724.3679640535, 2817.146421507001]
[(-20.167037019603914, -67.50307747528224), (-6505950.0, -2473750.0), (114737, 115350), 364.2444234302016, 12896566.352312319, 99506.41109234095]
[(-25.01701795539827, -68.96064220784659), (-6502850.0, -3055350.0), (120553, 115381), 487.95491595023407, 1686085.3516130964, 2297.0211766902357]
[(-33.19124632138665, -69.54102313841923), (-6241050.0, -4015050.0), (130150, 117999), 257.1633721975196, 14991722.121639343, 7221036.331678802]
[(-40.0953126571028, -73.55098575578843), (-6241050.0, -4800050.0), (138000, 117999), 87.00574693662483, 82.81824793666601, 82.81824793666601]
[(65.51578702910945, -108.51069592479493), (-6240950.0, 7386950.0), (16130, 118000), 2017.573294827229, 7118.960313156183, 0.0]
[(53.157889371417674, -71.99920510002761), (-5241050.0, 6200050.0), (27999, 127999), 3028.7030227475257, 16705.708236586543, 0.0]
[(53.156909709826834, -71.99816507507377), (-5241050.0, 6199950.0), (28000, 127999), 2842.7778668056358, 13415724.163122274, 0.0]
[(43.584173383733805, -74.74625917205171), (-6129350.0, 5185950.0), (38140, 119116), 132.9699214108213, 28168028.033492588, 1199752.5729344739]
[(32.32310517384389, -64.80529528483197), (-5851450.0, 3914550.0), (50854, 121895), 19.697715603592208, 62806.0000082273, 62806.0000082273]
[(17.951447700586453, -62.89088028180651), (-6111750.0, 2205650.0), (67943, 119292), 39.21734310225516, 100668.38126492454, 100321.5264960446]
[(10.103394075562765, -62.87428405094382), (-6240950.0, 1246750.0), (77532, 118000), 311.7242371070944, 3361013.8854786297, 113177.11294443626]
[(1.6180226002728393, -53.89972354993607), (-5400650.0, 200050.0), (87999, 126403), 1095.4364427021771, 3200213.8861647598, 3.6762356758117676]
[(1.6172137088412386, -57.69818450313223), (-5781250.0, 199950.0), (88000, 122597), 1118.7779046799235, 5135728.727677931, 0.0]
[(-8.378556922464387, -52.64140370808068), (-5241050.0, -1034550.0), (100345, 127999), 828.7943049997388, 2455438.4420663975, 1611.733406740619]
[(-19.195446041603493, -61.391291438940286), (-5939150.0, -2356350.0), (113563, 121018), 775.1264412984503, 9229283.411877714, 911.1294379550964]
[(-30.507056902861816, -62.59254761994), (-5720150.0, -3703150.0), (127031, 123208), 365.60361048545457, 15311627.361287229, 206199.6751219097]
[(-36.43494213240962, -68.96636514530164), (-6039350.0, -4387150.0), (133871, 120016), 266.54267950930483, 16753630.959934574, 12163.456285618478]
[(-48.53543653790565, -73.25680378303683), (-5677450.0, -5719250.0), (147192, 123635), 402.1989557420556, 2702911.171326395, 2727.226473050192]
[(-49.61362018367158, -74.87051504525724), (-5723650.0, -5832950.0), (148329, 123173), 312.86099149622345, 107216.4515588372, 187.75862918794155]
[(66.87471585691591, -90.3825382646887), (-5021650.0, 7507150.0), (14928, 130193), 1223.7197391559882, 8848.645650009941, 0.0]
[(53.157889371417674, -71.99783134467131), (-5240950.0, 6200050.0), (27999, 128000), 2805.5830053662644, 28368.886456527078, 0.0]
[(53.156909709826834, -62.69385444927408), (-4563750.0, 6199950.0), (28000, 134772), 2475.356337984493, 1817386.55798554, 0.0]
[(1.6180226002728393, -52.305880984518055), (-5240950.0, 200050.0), (87999, 128000), 1049.8037911914778, 237209.3847502037, 3151.491750907153]
[(-4.587187636328985, -52.3966188463891), (-5240950.0, -566950.0), (95669, 128000), 816.6884350840288, 17896199.40087886, 2114.97861357237]
[(-8.633588104878672, -52.66203358400315), (-5240950.0, -1065950.0), (100659, 128000), 786.4985696109053, 5120622.786507724, 724.5244079546537]
[(-14.619119666161838, -53.059964244246025), (-5210850.0, -1800050.0), (108000, 128301), 161.38463371709216, 40438524.5341984, 34634.266249476]
[(-26.901149685862595, -54.019246210328106), (-5043550.0, -3279050.0), (122790, 129974), 128.37834708392222, 65576879.292116374, 1497487.660540992]
[(-32.674296480534316, -52.84626498769642), (-4760050.0, -3955250.0), (129552, 132809), 191.2066944434739, 22099798.214702103, 370499.3641944735]
[(-48.83611878933026, -67.87952912884163), (-5240950.0, -5751050.0), (147510, 128000), 210.3758541277967, 31520.392973485403, 2158.426517832093]
[(-53.526827390009004, -72.3933053826271), (-5240950.0, -6237650.0), (152376, 128000), 286.29530209208815, 517676.61586113035, 123829.30276977271]
[(69.87041104593413, -73.6091439728609), (-3755750.0, 7763650.0), (12363, 142852), 1735.5852039009783, 17920.999448588427, 0.0]
[(63.45026232041739, -70.24782746090621), (-4240950.0, 7199950.0), (18000, 138000), 1095.9242674564698, 2331.3685515043326, 0.0]
[(53.156909709826834, -58.25943621509699), (-4240950.0, 6199950.0), (28000, 138000), 860.8652623959222, 361491.4441096853, 0.1263567036949098]
[(-6.090779651031535, -41.65626415867802), (-4160350.0, -752550.0), (97525, 138806), 79.71198153351854, 13474510.685535226, 249511.61988162523]
[(-10.365421566522192, -42.74712385149834), (-4240950.0, -1278950.0), (102789, 138000), 187.41664813991312, 34873280.01322485, 178073.74029586627]
[(-17.00193108215368, -43.49944410334873), (-4240950.0, -2090350.0), (110903, 138000), 76.48529270389177, 28580358.48231163, 151111.00552367978]
[(-22.93092365686455, -44.52470357111402), (-4240950.0, -2806150.0), (118061, 138000), 73.87827826905551, 5610741.609368417, 1447667.453524117]
[(69.19229797999245, -43.031927491546455), (-2241050.0, 7706650.0), (12933, 157999), 3097.7464389455763, 44674.99621933377, 0.0]
[(63.45026232041739, -46.65382011931651), (-2816550.0, 7199950.0), (18000, 152244), 2203.127322693811, 8328.107428112751, 0.0]
[(38.48219594052742, -28.422593628738962), (-2446750.0, 4619050.0), (43809, 155942), 57.3149195236284, 82392.98217742001, 36810.238453450394]
[(16.775738524488432, -24.76000086438482), (-2415750.0, 2062850.0), (69371, 156252), 50.21951811795888, 571236.5273111714, 189710.56331309304]
[(-3.850441462115079, -32.382578723910385), (-3240950.0, -475950.0), (94759, 148000), 20.0, 0.0, 0.0]
[(-20.51683792094426, -29.31837712287103), (-2821750.0, -2515950.0), (115159, 152192), 43.139309220245984, 0.0, 0.0]
[(75.36231978410352, -53.669221237242404), (-2240950.0, 8199950.0), (8000, 158000), 7474.685010085709, 324497.0434242358, 0.0]
[(63.31631142158881, -20.563338750628276), (-1245150.0, 7187650.0), (18123, 167958), 28.231188426986208, 0.07312291115522385, 0.07312291115522385]
[(37.8053867704901, -25.27050175389771), (-2188050.0, 4542650.0), (44573, 158529), 42.95346318982906, 135541.01633454862, 135541.01633454862]
[(26.234452008086876, -13.244422751083551), (-1241050.0, 3200050.0), (57999, 167999), 584.999145298521, 2447033.2615514514, 26187.02629890974]
[(25.573407884555067, -13.19845675000383), (-1241050.0, 3121550.0), (58784, 167999), 892.1098587057538, 2623314.089747416, 293.4128083055839]
[(17.90446233337494, -13.112141325086068), (-1274450.0, 2199950.0), (68000, 167665), 157.53729717117784, 31639283.800242912, 83175.88403432164]
[(7.616273823048153, -12.450804331000455), (-1241050.0, 940650.0), (80593, 167999), 52.08646657242167, 7429351.531129598, 912732.1509277317]
[(-7.949046141205294, -14.31783815800311), (-1426450.0, -981650.0), (99816, 166145), 46.400431032480725, 978.5509084053338, 978.5509084053338]
[(75.36231978410352, -29.71990454689126), (-1240950.0, 8199950.0), (8000, 168000), 1452.72743486175, 63654.91554081277, 0.0]
[(58.36054817853559, -6.354891626789224), (-424950.0, 6718750.0), (22812, 176160), 69.63476143421474, 9133736.087713815, 42372.53301439398]
[(53.156909709826834, -6.281405630661314), (-457250.0, 6199950.0), (28000, 175837), 43.289721643826724, 6715235.03158203, 707366.184013153]
[(35.12852287016073, -4.8133889858866645), (-425850.0, 4237950.0), (47620, 176151), 91.54780172128658, 38590146.63173793, 4066899.346701469]
[(28.138945863315183, -4.997546339530294), (-463350.0, 3425250.0), (55747, 175776), 983.0005086468674, 34174251.11042433, 3280.2734445892274]
[(19.848994387646197, -2.4979091057243306), (-241050.0, 2435350.0), (65646, 177999), 1519.0839344815677, 194768.6736742463, 0.0]
[(17.90446233337494, -4.979105335066423), (-483950.0, 2199950.0), (68000, 175570), 845.3194662374693, 46960379.36741481, 519.2705125510693]
[(8.863497531384798, -3.5197131859562654), (-350150.0, 1094250.0), (79057, 176908), 334.24841061701403, 50414073.24747124, 865357.280310072]
[(-15.906457950475687, -5.683528601157157), (-556050.0, -1957050.0), (109570, 174849), 31.144823004794873, 3562.9133486757055, 3562.9133486757055]
[(-37.11944033757955, -12.268226000794597), (-1068350.0, -4464950.0), (134649, 169726), 65.94694837519019, 353.535736951977, 353.535736951977]
[(-40.312060532484445, -9.949366918709886), (-842550.0, -4824250.0), (138242, 171984), 66.46803743153546, 0.0, 0.0]
[(65.0313597733853, 13.041116533537645), (758950.0, 7343550.0), (16564, 187999), 233.57439928211312, 232535.64408225054, 93916.93742200825]
[(62.90171837805224, 12.419874090661356), (758950.0, 7149450.0), (18505, 187999), 170.6575518399347, 34205014.01082665, 32575.14079141151]
[(52.538412952959625, 5.258433915910755), (386250.0, 6136650.0), (28633, 184272), 112.0714058089752, 192892447.8350413, 13875010.859377261]
[(35.470111553252046, 4.794345333169235), (423050.0, 4277050.0), (47229, 184640), 95.524865872714, 72235649.71441306, 5416103.520547214]
[(26.234452008086876, -2.571406197875655), (-240950.0, 3200050.0), (57999, 178000), 1079.5744531990372, 9661833.20703449, 40.17526590451598]
[(19.090475122834253, -2.489651144305417), (-240950.0, 2343650.0), (66563, 178000), 2067.882008239348, 640327.7440022165, 0.0]
[(17.12535267873895, 3.851541224862165), (375350.0, 2105350.0), (68946, 184163), 672.893007840028, 83151490.93801518, 15348.61122737825]
[(7.414224072522689, -0.2191466723360384), (-21850.0, 915750.0), (80842, 180191), 118.6086000254619, 178329601.1093148, 3183399.5640427754]
[(0.19693513401241705, 6.554922594249761), (656950.0, 24350.0), (89756, 186979), 89.67719888578144, 258153.61369149387, 256561.09505032748]
[(67.2042883937294, 16.879245691633), (929650.0, 7535950.0), (14640, 189706), 413.9975845340163, 2229876.202248945, 22476.834884286858]
[(59.06778732766547, 13.630470401387644), (899750.0, 6787250.0), (22127, 189407), 210.95260131128984, 32188011.92611882, 931463.7547081877]
[(46.152934358591565, 10.57444903015284), (843150.0, 5464850.0), (35351, 188841), 95.75489543621255, 128675467.25807197, 5895345.958528691]
[(43.08250264942029, 19.51578861016158), (1608650.0, 5130950.0), (38690, 196496), 93.13431161500041, 45188636.5446707, 1335705.2198820882]
[(26.234452008086876, 18.771425323732657), (1758950.0, 3200050.0), (57999, 197999), 1393.8357148530813, 7581869.411001401, 0.0]
[(24.424700176141148, 18.598127651829852), (1758950.0, 2984750.0), (60152, 197999), 1018.825303965307, 402332.7097708895, 1.933230294380337]
[(17.90446233337494, 13.981517088725106), (1358950.0, 2199950.0), (68000, 193999), 1150.9235422042595, 89839530.24770541, 56.0052604675293]
[(1.6180226002728393, 12.308117368827578), (1233250.0, 200050.0), (87999, 192742), 508.37781226170756, 81323907.71007155, 175568.88608935475]
[(1.6172137088412386, 13.629496331537736), (1365650.0, 199950.0), (88000, 194066), 440.6415777023317, 35744593.2202554, 14884.897087385412]
[(-13.762236284162572, 17.868866181317475), (1758950.0, -1695350.0), (106953, 197999), 476.20163796442364, 29345175.11880713, 17048.554773156997]
[(-20.751590335844554, 13.780611835600391), (1325050.0, -2544250.0), (115442, 193660), 415.40582566930857, 9305828.276536325, 5274.439873959636]
[(-25.100162850877815, 15.334986301815752), (1445450.0, -3065250.0), (120652, 194864), 439.24594477354026, 417537.7653703366, 1732.546954755322]
[(-34.28514990552273, 18.924349316348398), (1684950.0, -4141150.0), (131411, 197259), 59.464274989274024, 7382914.913796109, 6661304.697461964]
[(67.12289120951965, 49.98436366401887), (2758950.0, 7528850.0), (14711, 207999), 1006.3011477684004, 933922.512294285, 438.1429898813367]
[(63.45026232041739, 45.69972378199865), (2758950.0, 7199950.0), (18000, 207999), 889.278921373941, 45045005.80686991, 3149.0233313068748]
[(44.90513346062914, 29.40417795415451), (2377450.0, 5329950.0), (36700, 204184), 132.90974381135493, 56152624.77528938, 914172.2083411724]
[(40.54163125939202, 31.949729404221134), (2699850.0, 4849850.0), (41501, 207408), 122.20065466273084, 62657199.40274772, 2294433.265645776]
[(26.234452008086876, 29.443374682004727), (2758950.0, 3200050.0), (57999, 207999), 1666.5500292520474, 12791559.218160857, 0.0]
[(24.201807580295448, 18.57892774612494), (1759050.0, 2958150.0), (60418, 198000), 1503.4576814795953, 675072.4071274488, 0.0]
[(17.90446233337494, 25.393488651191635), (2468150.0, 2199950.0), (68000, 205091), 1118.7890775298085, 24754352.68648293, 408.27410888671875]
[(7.088097748697201, 26.593119532689546), (2652650.0, 875550.0), (81244, 206936), 772.4901293867773, 15140060.172616605, 1160.4147701635957]
[(-3.0969457759091017, 20.762003547131606), (2078950.0, -382850.0), (93828, 201199), 407.265269818088, 34103812.42888206, 216372.39925466105]
[(-13.74506203385768, 17.869072028941293), (1759050.0, -1693250.0), (106932, 198000), 776.4251412724861, 40597452.69970979, 3646.915772240609]
[(-16.19632846610763, 17.995884896667647), (1759050.0, -1992350.0), (109923, 198000), 771.2690840426576, 8549802.825791702, 2798.758814082481]
[(-22.880017472100025, 23.382116149350058), (2227650.0, -2800050.0), (118000, 202686), 636.4023884304646, 36240986.63934431, 9404.106692025438]
[(-33.632166377649476, 23.845067240939553), (2133250.0, -4065950.0), (130659, 201742), 93.64827814754524, 6645152.329612217, 410391.1591626598]
[(66.09257895023542, 48.66695021361618), (2759050.0, 7438250.0), (15617, 208000), 1082.3885623933763, 533052.6360566383, 179.3298915475607]
[(61.95346157368808, 58.862657330018486), (3670650.0, 7061350.0), (19386, 217116), 564.7105453238854, 21787488.459477935, 1466.2729758983478]
[(49.16878070595745, 46.17602267580783), (3550250.0, 5786150.0), (32138, 215912), 244.07375934335914, 33511341.87565747, 791967.4250994292]
[(34.79793174255543, 42.380717152550126), (3758950.0, 4200050.0), (47999, 217999), 919.8369420718001, 74672038.22442904, 1181.4514064267278]
[(26.954380479492063, 29.559629091104828), (2759050.0, 3285350.0), (57146, 208000), 847.7316792476261, 146735254.64300802, 392569.6876955023]
[(22.834959038276967, 28.953909663431435), (2759050.0, 2794650.0), (62053, 208000), 921.2062744032957, 25578318.873281796, 107.4603297188878]
[(17.90446233337494, 37.49170120105135), (3644050.0, 2199950.0), (68000, 216850), 557.2647485710899, 53612675.89544115, 280904.7404078394]
[(9.722704108950941, 33.21035990578819), (3298850.0, 1199950.0), (78000, 213398), 635.1771406466073, 65564011.94924221, 58045.62303106673]
[(-0.9733701159631517, 33.10770495825043), (3317850.0, -120350.0), (91203, 213588), 780.6977648232381, 178505576.9708701, 1059486.8253734168]
[(-6.81071671640942, 30.033827680740487), (2996950.0, -841350.0), (98413, 210379), 361.09278585981195, 49839296.89942482, 1384999.9811016005]
[(-15.892502231435763, 29.669496231616616), (2902850.0, -1955350.0), (109553, 209438), 238.10291892372928, 53255263.845496446, 880221.3995025135]
[(-23.334259096932474, 31.608143484861845), (3005050.0, -2854450.0), (118544, 210460), 123.22743201089601, 27533989.549491994, 674260.281238738]
[(-46.89881732615822, 37.76836000864242), (2985550.0, -5544950.0), (145449, 210265), 104.12012293500234, 0.0, 0.0]
[(75.36231978410352, 106.01763765901195), (4426750.0, 8199950.0), (8000, 224677), 3225.523988439708, 477837.5287802508, 0.0]
[(60.015608352512395, 58.5430785684738), (3795750.0, 6878250.0), (21217, 218367), 535.2700253143267, 16690050.365145562, 113018.72827001242]
[(43.71303370558448, 54.7887673144306), (4486750.0, 5200050.0), (37999, 225277), 602.5363059600642, 5784662.221786287, 58.84853856405243]
[(42.10996331615712, 57.172387634682316), (4758950.0, 5023850.0), (39761, 227999), 924.927024148392, 70489016.44212773, 98.70223440090194]
[(29.96494597497816, 45.40245307359584), (4163450.0, 3639750.0), (53602, 222044), 546.5757038142109, 67275198.63207072, 10948.600916430354]
[(19.895360383312052, 49.32411062050085), (4758950.0, 2440950.0), (65590, 227999), 1534.065513594514, 25419002.222341217, 0.0]
[(17.90446233337494, 48.962317045798855), (4758950.0, 2199950.0), (68000, 227999), 1143.6437382331965, 73260052.25527954, 50.309607692062855]
[(4.684361695873862, 44.13939465274888), (4414650.0, 578950.0), (84210, 224556), 339.27127788835884, 97687422.00565715, 746828.0907084495]
[(-2.720682628933979, 38.771160470738835), (3883050.0, -336350.0), (93363, 219240), 391.8328725362383, 22107784.780351408, 792011.8498317741]
[(-8.522308541501603, 37.764799076656104), (3759050.0, -1052250.0), (100522, 218000), 656.210332134446, 22326769.086975664, 32631.118991413154]
[(-16.585816199118064, 38.50437161895595), (3759050.0, -2039750.0), (110397, 218000), 118.22436297142819, 29899630.433266617, 830504.6165149268]
[(-24.27050297223393, 43.90417855215783), (4155450.0, -2966350.0), (119663, 221964), 135.80132547217644, 5493145.175413322, 794537.9607312763]
[(67.58045017010609, 105.62979368800053), (5758950.0, 7568650.0), (14313, 237999), 2543.4818654749633, 19595.075152410194, 0.0]
[(63.45026232041739, 93.26374518144739), (5630450.0, 7199950.0), (18000, 236714), 1303.658314129895, 3787057.87029698, 0.0]
[(43.71303370558448, 64.2903307729158), (5264850.0, 5200050.0), (37999, 233058), 677.6813410445945, 5144899.665095868, 4830.682552921819]
[(42.89408940020179, 65.12486488724993), (5378450.0, 5110250.0), (38897, 234194), 784.298412595614, 40617589.96261253, 13209.866074329708]
[(30.098231394164426, 59.05798828531496), (5411150.0, 3655350.0), (53446, 234521), 803.5178902799862, 25981732.994021032, 13840.47666214779]
[(20.326150756028333, 49.40927754048325), (4759050.0, 2492950.0), (65070, 228000), 1725.2536045462998, 17858893.35846479, 0.0]
[(16.739557285190507, 48.77169760306888), (4759050.0, 2058450.0), (69415, 228000), 620.4167953883905, 3117716.5538548706, 417616.37287738174]
[(9.371445269756661, 48.261383113750774), (4796950.0, 1156750.0), (78432, 228379), 208.806130178211, 911513.3472390175, 211396.16493267566]
[(-5.436023989973654, 53.344138888175), (5331450.0, -671750.0), (96717, 233724), 45.221676218380054, 110946.65796963498, 149.37815567851067]
[(-14.100913574024178, 49.073471929005976), (4826250.0, -1736750.0), (107367, 228672), 167.14664220378464, 2253799.6556024193, 1323711.1284071007]
[(-15.46661848200465, 50.18740339230127), (4916650.0, -1903450.0), (109034, 229576), 157.87653403846943, 5573399.680625514, 886869.3041305635]
[(67.48937925556481, 105.3704113027028), (5759050.0, 7560750.0), (14392, 238000), 2254.1823351273074, 35076.83502236521, 0.0]
[(63.45026232041739, 111.956413873517), (6758950.0, 7199950.0), (18000, 247999), 1361.221877579111, 9364249.141799686, 0.0]
[(51.89110890722601, 90.42136290239135), (6703250.0, 6070050.0), (29299, 247442), 632.4626471183891, 6796068.219772311, 20838.537784977816]
[(38.954000513671275, 78.83979642508741), (6758950.0, 4672150.0), (43278, 247999), 757.6067581535951, 77832419.90461162, 860102.2026804611]
[(31.065753680150596, 63.24634364941828), (5759050.0, 3768350.0), (52316, 238000), 722.5240480426932, 259345675.46206057, 926964.2527214102]
[(25.71812823037217, 64.10919638404235), (6023650.0, 3138750.0), (58612, 240646), 316.89745975630666, 56289975.767163396, 172535.57564692944]
[(-19.732274257653856, 63.305002864639654), (6111750.0, -2421250.0), (114212, 241527), 32.64965543462902, 41074.60592135787, 41074.60592135787]
[(63.451352274073066, 114.24836890855067), (6897150.0, 7200050.0), (17999, 249381), 1189.4994745690306, 85924.25903596357, 0.0]
[(58.06063417940087, 110.66084052417112), (7439750.0, 6689550.0), (23104, 254807), 1157.9762519153837, 1204417.720229711, 24.210565872490406]
[(53.156909709826834, 98.54835132412597), (7173750.0, 6199950.0), (28000, 252147), 809.8623339802883, 10812497.818726143, 28.671230159699917]
[(34.79793174255543, 87.4791804495348), (7758950.0, 4200050.0), (47999, 257999), 3609.960110582941, 8286517.923026568, 0.0]
[(34.79706013299241, 83.34986675670707), (7392750.0, 4199950.0), (48000, 254337), 1889.8677202386414, 345326144.9336138, 0.0]
[(23.36433991349988, 71.22706800995776), (6770750.0, 2858050.0), (61419, 248117), 140.52046114356443, 360097339.22014374, 5791466.98194935]
[(15.745579078916087, 78.80031048776478), (7713250.0, 1937450.0), (70625, 257542), 127.88275880665071, 192541058.94684547, 5483476.89392022]
[(9.195054378941329, 77.22168731960357), (7677850.0, 1135050.0), (78649, 257188), 110.07270324653611, 24117790.779425543, 21045196.360641688]
[(0.2883262252252393, 73.40755644825481), (7357050.0, 35650.0), (89643, 253980), 45.39823785126467, 50218.21858851698, 29970.434951177267]
[(66.59104381086057, 147.66290703058155), (8265150.0, 7482250.0), (15177, 263061), 1081.1410638764953, 40689.26285535982, 41.479208309203386]
[(59.702068478763934, 130.78100524962437), (8530550.0, 6848250.0), (21517, 265715), 1249.1937399779108, 634764.2447446547, 0.506222540512681]
[(53.156909709826834, 114.94937960722393), (8367650.0, 6199950.0), (28000, 264086), 680.7238794107343, 4617043.668135682, 8721.802068607882]
[(34.79793174255543, 87.48030791111722), (7759050.0, 4200050.0), (47999, 258000), 3016.189980753865, 3170970.0341938944, 0.0]
[(34.79706013299241, 87.4797313122489), (7759050.0, 4199950.0), (48000, 258000), 1863.320154992158, 107171880.95148939, 0.0]
[(21.917485729419337, 89.72253585582058), (8584750.0, 2684550.0), (63154, 266257), 133.80956617521784, 562669168.5664515, 11018406.298075302]
[(13.941368015775689, 79.13684166165294), (7786250.0, 1717250.0), (72827, 258272), 106.01886624558857, 87356698.82095891, 6961573.531870556]
[(6.632317084410869, 81.63790641213916), (8148150.0, 819350.0), (81806, 261891), 105.89145385724005, 25098213.24597744, 4003157.125949723]
[(66.216864926359, 158.3902722979276), (8951250.0, 7449250.0), (15507, 269922), 1130.0995531368021, 13005.831035473384, 17.276249365881085]
[(57.75345397903686, 129.5776951332122), (8759050.0, 6659550.0), (23404, 268000), 1408.2091463983609, 155324.6835287162, 0.0]
[(52.38258709539862, 132.56190907505757), (9758950.0, 6120650.0), (28793, 277999), 491.79873932331304, 10066341.964203471, 4514.2061924813315]
[(38.79126918948864, 104.47803046238234), (8969750.0, 4653850.0), (43461, 270107), 619.4271547163556, 77595247.65246184, 382392.63613335334]
[(33.88028621221047, 98.0837268501423), (8759050.0, 4094550.0), (49054, 268000), 558.1576838134542, 117243773.92589498, 37376.6549435053]
[(26.233609014439775, 97.30479564625878), (9117850.0, 3199950.0), (58000, 271588), 416.83210049131293, 88526897.43253131, 725309.0201747678]
[(13.608502928162256, 98.77755388691693), (9727250.0, 1676550.0), (73234, 277682), 252.62026838715852, 25409947.099117316, 660211.7858282542]
[(3.6294673624969853, 97.493272065462), (9758950.0, 448650.0), (85513, 277999), 278.0017985553331, 3510269.5276061567, 397877.04401229136]
[(1.4627176386206708, 97.25345731789349), (9745050.0, 180850.0), (88191, 277860), 34.66987164671943, 60272.3529981114, 60272.3529981114]
[(-12.079717470326791, 96.84096043510537), (9572450.0, -1489350.0), (104893, 276134), 34.92849839314596, 495.24711812334135, 495.24711812334135]
[(63.451352274073066, 172.24426420191352), (10398350.0, 7200050.0), (17999, 284393), 970.3051066546027, 18842.495657850523, 84.82508942857385]
[(63.45026232041739, 178.21310396503537), (10758950.0, 7199950.0), (18000, 287999), 1910.1424030684204, 119802.68380937912, 0.0]
[(53.156909709826834, 136.21343160438227), (9915550.0, 6199950.0), (28000, 279565), 976.2755758493603, 52792064.164089195, 1488.2671194029972]
[(43.58874113898966, 129.0071112027866), (10578350.0, 5186450.0), (38135, 286193), 156.1569723067145, 320615232.1892301, 843183.6628571119]
[(29.24670272442504, 112.89963802024474), (10398950.0, 3555550.0), (54444, 284399), 109.65856099730654, 370989001.7366797, 14866912.019704241]
[(18.59076229513021, 101.29281246473829), (9821250.0, 2283150.0), (67168, 278622), 164.61470165206995, 161910454.1820306, 825787.999151085]
[(14.345633119767715, 107.09881850762059), (10525850.0, 1766650.0), (72333, 285668), 294.4163718273833, 133727386.47523098, 1703624.3958470805]
[(3.351862435442282, 97.47649674582118), (9759050.0, 414350.0), (85856, 278000), 299.2423766781704, 54393180.59423733, 1905941.3180480273]
[(0.48890247320105734, 102.52842157504134), (10275450.0, 60450.0), (89395, 283164), 247.19425559668656, 94741664.73527777, 2248993.369204063]
[(-6.770169138937862, 105.34165882601496), (10512150.0, -836350.0), (98363, 285531), 80.09993757800315, 24333428.375352338, 1265681.3120023068]
[(-26.57943198417349, 115.0322108350413), (10758950.0, -3240950.0), (122409, 287999), 477.03249365216203, 80363.59753467803, 90.22437792661367]
[(-32.417970770771305, 116.37490853599286), (10500950.0, -3925550.0), (129255, 285419), 158.4929020492716, 2647421.449421446, 2353774.227563705]
[(63.451352274073066, 178.21910695077563), (10759050.0, 7200050.0), (17999, 288000), 137.2443077143821, 0.0, 0.0]
[(62.15276470145453, 173.25736665838272), (10759050.0, 7079950.0), (19200, 288000), 1274.7156545677158, 58619.179854745045, 0.0]
[(47.854247635100535, 137.66747638334445), (10759050.0, 5646950.0), (33530, 288000), 789.000633713307, 1802630.582605383, 123.42213307600468]
[(43.71211943961508, 134.54151005013026), (11017950.0, 5199950.0), (38000, 290589), 257.2353008434107, 73962140.89332347, 194570.09888099018]
[(31.243389779124495, 120.10215284917476), (10923450.0, 3789050.0), (52109, 289644), 139.52060779684126, 189223951.66707107, 44376564.36493815]
[(23.63267570952949, 121.09436532129605), (11496550.0, 2890150.0), (61098, 295375), 141.15594213493105, 162526019.8191258, 8005141.227267274]
[(12.778337103448944, 109.02617952040924), (10759050.0, 1574950.0), (74250, 288000), 151.90786681406595, 5233563.218037763, 1776553.1071258727]
[(1.6180226002728393, 115.8789414570052), (11610850.0, 200050.0), (87999, 296518), 780.8949993437018, 5974471.231195171, 7681.47651107423]
[(1.6172137088412386, 116.05256889920818), (11628250.0, 199950.0), (88000, 296692), 429.2004193846972, 20397492.57483836, 86068.56812056154]
[(-8.346073510076161, 118.10148626446633), (11758950.0, -1030550.0), (100305, 297999), 133.24038426843418, 97369376.44479607, 438160.31644015014]
[(-20.644565939137134, 122.24046873439842), (11758950.0, -2531350.0), (115313, 297999), 1242.2117371849295, 113710.90411092766, 7.470533650368452]
[(-27.77942201341961, 126.56622619831573), (11758950.0, -3382850.0), (123828, 297999), 1482.5147554071764, 74372.29838334289, 0.0]
[(-31.65664734700924, 124.48399159294182), (11290950.0, -3837150.0), (128371, 293319), 641.5122757983669, 17700.17973788071, 17.798445656866534]
[(-54.5555075015179, 158.88864175786853), (11323850.0, -6341850.0), (153418, 293648), 29.966648127543394, 0.0, 0.0]
[(54.87729537744611, 166.47334671699303), (11804850.0, 6374250.0), (26257, 298458), 54.405882034941776, 85.27572423219681, 36.08784383535385]
[(50.31242360116656, 155.64496001335863), (11790150.0, 5906150.0), (30938, 298311), 179.8777362543792, 224831.47625970584, 2035.9749200539663]
[(43.48006354490781, 143.24415626059516), (11759050.0, 5174550.0), (38254, 298000), 139.8177385026664, 77265411.86913107, 333809.1803619086]
[(32.13951734686732, 131.202548979383), (11861550.0, 3893250.0), (51067, 299025), 51.478150704935004, 26882625.28612758, 3658285.204415193]
[(18.20459148986131, 122.17338784685599), (11862250.0, 2236350.0), (67636, 299032), 98.8382517044894, 1499869.9811339632, 851289.264991144]
[(15.447752829917887, 120.15606883996085), (11771850.0, 1901150.0), (70988, 298128), 122.18837915284743, 91762764.18246883, 14452886.790641615]
[(4.888444188036805, 117.59321051188606), (11759050.0, 604150.0), (83958, 298000), 212.8097742116184, 35636314.44473646, 1240164.1022537146]
[(-3.3089699681211893, 121.71886913772325), (12186450.0, -409050.0), (94090, 302274), 299.2941696725815, 23277513.62010904, 1655601.9972234396]
[(-14.618300651254895, 126.4598755700525), (12419250.0, -1799950.0), (107999, 304602), 381.69359439215117, 8421430.228254646, 665.9662408917211]
[(-21.335343546673112, 125.81148247213733), (12067850.0, -2614550.0), (116145, 301088), 1955.0432220286077, 49415.543896324074, 0.0]
[(-22.880017472100025, 125.00114036245252), (11909050.0, -2800050.0), (118000, 299500), 2089.241249832101, 47710.32803523991, 0.0]
[(-31.33783711171979, 133.9435266788667), (12174750.0, -3800050.0), (128000, 302157), 825.602810072737, 9163777.059493227, 3101.504211803316]
[(-42.30837135593606, 146.0109908785241), (12129850.0, -5045750.0), (140457, 301708), 244.62420158275427, 573373.2584453201, 291043.521899502]
[(-50.82652376940947, 166.041658201046), (12491350.0, -5959750.0), (149597, 305323), 80.23091673413684, 0.0, 0.0]
[(51.95316235703709, 177.41430091832828), (13140850.0, 6076450.0), (29235, 311818), 91.13725912051558, 0.2315407246351242, 0.0]
[(26.556646151396272, 142.17710083069102), (13299450.0, 3238250.0), (57617, 313404), 41.23105625617661, 1086.1124525628984, 1086.1124525628984]
[(25.43632138257224, 141.27884076572283), (13293850.0, 3105250.0), (58947, 313348), 30.4138126514911, 2170.57319573313, 2170.57319573313]
[(1.6196403835068764, 127.78342146507715), (12803650.0, 200250.0), (87997, 308446), 194.0025773024678, 367133.34195569163, 327968.1846439466]
[(-2.647862892819737, 136.88096343886252), (13709550.0, -327350.0), (93273, 317505), 440.2646931108603, 8327351.711507024, 300867.21541711316]
[(-14.618300651254895, 134.90631692402786), (13248750.0, -1799950.0), (107999, 312897), 633.8177971625599, 416955.02299019543, 841.5207804706297]
[(-18.976440987139462, 131.7787524469349), (12759050.0, -2329850.0), (113298, 308000), 1476.1090745605488, 47633.83015200177, 0.0]
[(-25.95049383874332, 135.95901884069423), (12759050.0, -3166350.0), (121663, 308000), 2235.681998854041, 113609.84421536425, 0.0]
[(-36.698615717767474, 148.0955470793214), (12941050.0, -4417150.0), (134171, 309820), 265.6689669494727, 8576272.37319185, 152946.51726460463]
[(-45.93852897764218, 166.94532960148695), (13343850.0, -5441750.0), (144417, 313848), 247.29132617218906, 355061.68835436093, 88969.38408756781]
[(-49.68123711619623, 178.7651803584006), (13654150.0, -5840050.0), (148400, 316951), 30.675723300355934, 0.0, 0.0]
[(18.770758857543473, 145.66805090388), (14114550.0, 2304950.0), (66950, 321555), 50.24937810560445, 151.81636053696275, 0.0]
[(16.349951654874495, 145.67698592584435), (14232650.0, 2011050.0), (69889, 322736), 55.60575509783138, 233638.5854777027, 0.0]
[(8.152818447567391, 140.35175946716566), (13978550.0, 1006750.0), (79932, 320195), 32.0, 3309.2725605802843, 0.0]
[(-2.867136357325609, 139.34996320020284), (13955250.0, -354450.0), (93544, 319962), 358.4368842627667, 12549875.38542177, 416223.50608410686]
[(-7.371222113912095, 142.10732436520033), (14169650.0, -910450.0), (99104, 322106), 440.06931272243924, 3276588.5866132705, 47007.65497455001]
[(-16.682001624983904, 142.73337295681768), (13930250.0, -2051450.0), (110514, 319712), 604.7974867672649, 798825.9213617232, 81.84459791809786]
[(-24.757642189484535, 148.0556906303249), (13979550.0, -3024450.0), (120244, 320205), 163.36768346279504, 5475815.98465277, 3027.848770532524]
[(-31.33783711171979, 151.80266356938225), (13798050.0, -3800050.0), (128000, 318390), 123.40583454602137, 171285.67777373033, 159450.9513182507]
[(-42.32106289887024, 172.7665302296126), (14350750.0, -5047150.0), (140471, 323917), 197.7978766316767, 1479330.1308510392, 26680.947527298034]
[(7.612216243523643, 155.37355277460668), (15487150.0, 940150.0), (80598, 335281), 43.174066289845804, 57512.02305243805, 2.6104679632699117]
[(-5.846832992253646, 149.98132459488474), (14983250.0, -722450.0), (97224, 330242), 251.76576415390556, 1283370.097869929, 268026.197563868]
[(-9.73571637541822, 149.02360206527354), (14802450.0, -1201550.0), (102015, 328434), 242.8373941550189, 695692.081489773, 81348.47404491156]
[(-19.914405058413244, 158.3880102246855), (15280650.0, -2443250.0), (114432, 333216), 40.24922359499622, 0.0, 0.0]
[(-29.118951261526103, 167.95271306982968), (15481750.0, -3540550.0), (125405, 335227), 25.942243542145693, 1854.3153147005942, 1854.3153147005942]
[(-35.86830148355368, 175.2664330102489), (15417350.0, -4322550.0), (133225, 334583), 212.08488866489287, 3423986.0699142655, 151581.6020908817]
[(-40.918011245639285, 175.27653239283617), (14759050.0, -4891750.0), (138917, 328000), 101.65136496870073, 236657.582493757, 93041.28430377478]
[(9.843075001644966, 160.86588535880855), (15975550.0, 1214750.0), (77852, 340165), 52.46903848937962, 928.3089743319142, 0.0]
[(6.876406580377002, 158.2258001813784), (15787350.0, 849450.0), (81505, 338283), 49.39635614091387, 61923.22878981335, 45095.13938587054]
[(-5.046381456999513, 159.37172945237623), (15934450.0, -623650.0), (96236, 339754), 34.058772731852805, 15956.734475891106, 2598.734439469874]
[(-10.529841737239305, 161.7081035262115), (16037850.0, -1299150.0), (102991, 340788), 129.80754985747168, 712313.0622118366, 84534.84295784682]
[(-21.882531907162104, 166.4564072926071), (15929150.0, -2680350.0), (116803, 339701), 120.81390648431164, 688809.6581124845, 283258.02615038585]
[(9.830061126463336, 169.2194604454538), (16805550.0, 1213150.0), (77868, 348465), 36.87817782917155, 949.5000166092068, 372.85105282254517]
[(9.38851716574699, 170.0712208174898), (16903750.0, 1158850.0), (78411, 349447), 42.80186911806539, 47211.10827956116, 725.5088632199913]
[(-1.4238920587979884, 174.97214696973188), (17532850.0, -176050.0), (91760, 355738), 40.0, 121540.3095121638, 5289.607850210974]
[(-12.47790786842787, 176.9913716428098), (17478750.0, -1538150.0), (105381, 355197), 36.124783736376884, 1583.646743877849, 1048.6317072520033]
[(-18.109749318606134, 177.73220658679622), (17262450.0, -2224850.0), (112248, 353034), 94.82615672903758, 966235.0013963674, 804898.3861313876]
[(-9.396646753118253, 179.8532676995404), (17875750.0, -1159850.0), (101598, 359167), 42.720018726587654, 11047.49198621139, 127.45011481642723]
