[(27.781964224877814, -175.83606752473779), (-16336250.0, 3383150.0), (56168, 17047), 33.24154027718932, 0.0, 0.0]
[(-2.830724552772145, -171.65665352555064), (-17190950.0, -349950.0), (93499, 8500), 53.0, 0.0, 0.0]
[(-13.596238618524717, -172.4374611818673), (-16981550.0, -1675050.0), (106750, 10594), 122.53978945632312, 292380.74097544, 234806.40401296038]
[(-19.736412712367454, -175.07492032181852), (-16902250.0, -2421750.0), (114217, 11387), 52.32590180780452, 115109.96720452687, 4289.067218622193]
[(-29.27140829707175, -177.90664737399047), (-16384150.0, -3558450.0), (125584, 16568), 56.568542494923804, 0.0, 0.0]
[(22.057333737179807, -159.5159987119642), (-15253350.0, 2701350.0), (62986, 27876), 115.0173899895142, 89977.24640510944, 89977.24640510944]
[(1.832383377488014, -157.40064871585227), (-15770150.0, 226550.0), (87734, 22708), 93.98404119849285, 12525.522213900462, 7243.531459629536]
[(-4.013150652793299, -154.9283701723632), (-15503850.0, -496050.0), (94960, 25371), 58.60034129593445, 0.0, 0.0]
[(-10.440301874144843, -160.98464119877494), (-15968950.0, -1288150.0), (102881, 20720), 52.32590180780452, 315.1723512117751, 153.83368067070842]
[(-18.91117397721639, -159.744138633126), (-15470450.0, -2321950.0), (113219, 25705), 36.68787265568828, 15428.490451720078, 4083.5623587444425]
[(19.634618564714735, -155.6295659377979), (-15030850.0, 2409450.0), (65905, 30101), 209.06697491473875, 1588612.2516846568, 255063.03608602722]
[(-14.424226859250894, -144.9349348695328), (-14241350.0, -1776250.0), (107762, 37996), 63.97655820689325, 6348.523367792368, 1664.095199111849]
[(-17.64489159074847, -149.49961446897328), (-14543850.0, -2168450.0), (111684, 34971), 60.30754513325841, 301130.7370396508, 247720.03387741465]
[(-23.370189262302095, -149.42076335642807), (-14203350.0, -2858750.0), (118587, 38376), 38.58756276314948, 2005.0629688184708, 2005.0629688184708]
[(-44.05075437272842, -176.49606435072386), (-14402250.0, -5236950.0), (142369, 36387), 67.08203932499369, 634.5296001425013, 634.5296001425013]
[(51.83974474321295, -177.98735973792816), (-13204350.0, 6064750.0), (29352, 48366), 90.24965373894794, 0.0, 0.0]
[(-9.778007582772352, -139.10895771660597), (-13816550.0, -1206750.0), (102067, 42244), 70.40596565632774, 7649.833101028722, 2779.503745302558]
[(-15.812879598955282, -142.21504487172723), (-13917650.0, -1945650.0), (109456, 41233), 56.302753041036986, 5196.663272737889, 865.1470520235598]
[(-27.645563967075606, -144.32343271484245), (-13418950.0, -3367050.0), (123670, 46220), 37.69615364994153, 885.4732717052102, 356.83633682876825]
[(53.41779018098972, -168.1213925849124), (-12191050.0, 6226550.0), (27734, 58499), 90.0, 23.045476152561605, 0.0]
[(52.00942558831865, -176.01355646384195), (-13026750.0, 6082250.0), (29177, 50142), 83.48652585896721, 495.4777291335631, 417.3791733898688]
[(-21.524857736603888, -135.4908412672982), (-12985850.0, -2637350.0), (116373, 50551), 47.43416490252569, 2587.3031792491674, 17.182671070098877]
[(-23.35932626402502, -134.46802090218898), (-12782650.0, -2857450.0), (118574, 52583), 38.01315561749642, 71.62988330889493, 0.0]
[(55.68993410107524, -161.24343765427324), (-11286450.0, 6455650.0), (25443, 67545), 213.45959805077868, 10553.006544338252, 1383.4302134495847]
[(-24.353458903738716, -128.33080050259588), (-12141350.0, -2976250.0), (119762, 58996), 47.01063709417264, 0.0, 0.0]
[(64.7692588240487, -174.01972798975612), (-10191050.0, 7319950.0), (16800, 78499), 353.9547993741574, 3984.5223096832633, 3713.303690960631]
[(61.5615806305647, -163.20945969903687), (-10260850.0, 7024650.0), (19753, 77801), 616.7503546816978, 48890.15514117619, 13083.56192801893]
[(43.25654436500826, -123.8567430155835), (-10191050.0, 5150050.0), (38499, 78499), 95.96353474106714, 48121.11206213862, 48121.11206213862]
[(34.362556966473676, -114.52559489005287), (-10191050.0, 4150050.0), (48499, 78499), 554.5277269893725, 20307029.212287635, 113.24076993189374]
[(32.365358843738804, -113.38366611109606), (-10234750.0, 3919450.0), (50805, 78062), 426.20300327426133, 29469020.21897272, 179927.78192700353]
[(24.84827429301738, -111.39714176637443), (-10513450.0, 3035250.0), (59647, 75275), 130.20752666416791, 1773807.603944805, 591401.6765339636]
[(-27.078622803825738, -109.384237405652), (-10202750.0, -3300050.0), (123000, 78382), 51.0, 7836.298278328031, 7836.298278328031]
[(62.90821393468074, -157.43865065231955), (-9619350.0, 7150050.0), (18499, 84216), 815.5838399576097, 19311.676098983728, 924.3601068466378]
[(52.91029543875063, -127.04875192394519), (-9281950.0, 6174750.0), (28252, 87590), 904.2040698868813, 674480.2202798558, 137.32866206485778]
[(51.23178870298602, -125.61572404324004), (-9398050.0, 6001850.0), (29981, 86429), 535.4717546239017, 17543237.79773563, 6071.248269026337]
[(37.36723872683389, -116.27016420398995), (-10104350.0, 4493050.0), (45069, 79366), 665.0090224951839, 9865747.72985883, 10409.578681596977]
[(33.333218886057814, -106.56290419620514), (-9553950.0, 4031450.0), (49685, 84870), 383.76034188018957, 18498063.802179832, 114302.24396684353]
[(25.81240064967472, -102.62430881472854), (-9637750.0, 3149950.0), (58500, 84032), 170.46993869888027, 96228253.42676422, 1934129.3280289145]
[(16.91719956123662, -94.31403320489636), (-9197650.0, 2080050.0), (69199, 88433), 265.11318337645906, 5933935.314695932, 572682.4010674872]
[(1.380213580653751, -91.81744315885042), (-9200550.0, 170650.0), (88293, 88404), 32.984845004941285, 0.0, 0.0]
[(-27.117512073162384, -109.28128832651174), (-10190950.0, -3304650.0), (123046, 78500), 62.03224967708329, 0.0, 0.0]
[(68.8125225272679, -155.53844909618573), (-8191050.0, 7674450.0), (13255, 98499), 1135.7099101443114, 159662.58767562133, 0.0]
[(52.66907360230728, -125.3625843019738), (-9190950.0, 6150050.0), (28499, 88500), 1176.1738817028713, 2416557.108668859, 0.0]
[(46.15943632298104, -115.27777170785384), (-9190950.0, 5465550.0), (35344, 88500), 443.0406301909566, 6072538.775786129, 19330.055057034828]
[(41.35197700441427, -108.03905037783257), (-9059750.0, 4939950.0), (40600, 89812), 318.1980515339464, 15035883.975058282, 70132.62820409673]
[(26.981421994477046, -97.57508791771161), (-9106150.0, 3288550.0), (57114, 89348), 204.215572373901, 35008735.27007024, 845632.7425043895]
[(18.081712779596995, -89.87779253829635), (-8730350.0, 2221450.0), (67785, 93106), 348.919761549844, 9359705.608310256, 172682.4394741357]
[(11.397278288323779, -85.19184670465316), (-8433850.0, 1405650.0), (75943, 96071), 259.53805116013336, 57952152.50051023, 3303933.4465382514]
[(9.316167045917696, -82.87968011987198), (-8238650.0, 1149950.0), (78500, 98023), 274.4485379811669, 758286.8196006222, 431090.53146362514]
[(-0.8552842324563666, -91.27846097563557), (-9147550.0, -105750.0), (91057, 88934), 196.66468925559565, 41661.93596270401, 28971.137678562663]
[(65.32007007137165, -130.57633721434001), (-7546150.0, 7369450.0), (16305, 104948), 1531.3216513848422, 17473.561568855574, 0.0]
[(62.907131305938314, -119.53506340368948), (-7303650.0, 7149950.0), (18500, 107373), 1895.2564470276839, 807324.1872746847, 0.0]
[(52.66809799193797, -99.08550235744032), (-7264550.0, 6149950.0), (28500, 107764), 934.5169875395525, 12600869.701923158, 1768.4026815190446]
[(42.74133201663548, -86.93792593624767), (-7191050.0, 5093450.0), (39065, 108499), 636.2334477218249, 54905663.403904736, 1881727.9058797576]
[(26.309487742892177, -80.64131296390514), (-7553350.0, 3208950.0), (57910, 104876), 230.67292862405853, 41624025.09167474, 5444156.901400432]
[(25.48593479232733, -80.80950274432442), (-7601950.0, 3111150.0), (58888, 104390), 201.2486024796197, 16415077.965032646, 1799185.2590355305]
[(9.316979936668808, -73.02313248359502), (-7258850.0, 1150050.0), (78499, 107821), 250.4096643502403, 7761961.555370435, 273767.81422650255]
[(1.2135910141732433, -73.43610252127161), (-7358950.0, 150050.0), (88499, 106820), 578.335542743138, 49003799.55273962, 24260.816161083058]
[(0.8932980200781775, -73.58411758150869), (-7374250.0, 110450.0), (88895, 106667), 706.3200407747184, 27534414.39669665, 3894.6226939791813]
[(-7.3087504158065695, -74.19558264311122), (-7398750.0, -902750.0), (99027, 106422), 526.8415321517467, 24303486.7680963, 52857.96035972377]
[(-15.182882293980809, -74.89952005407889), (-7343750.0, -1868850.0), (108688, 106972), 159.70597985047397, 83312.17578351311, 53505.63562144898]
[(-26.3137037800423, -80.08261907191185), (-7500850.0, -3209450.0), (122094, 105401), 26.076809620810597, 26.01190724223852, 26.01190724223852]
[(-33.74317955989542, -80.80400873494555), (-7223150.0, -4078750.0), (130787, 108178), 51.62363799656123, 33.61924934387207, 33.61924934387207]
[(65.2955025421375, -111.8524806793069), (-6467950.0, 7367250.0), (16327, 115730), 3206.0188708115866, 8111.455729873947, 0.0]
[(52.66907360230728, -84.44459251140906), (-6191050.0, 6150050.0), (28499, 118499), 2854.48769484123, 95312.66881680643, 0.0]
[(52.66809799193797, -84.44339971092921), (-6191050.0, 6149950.0), (28500, 118499), 2239.1714985681647, 13906311.47727396, 0.0]
[(43.255632669774705, -87.39426084712825), (-7190950.0, 5149950.0), (38500, 108500), 811.0172624549986, 90965976.86346853, 463946.65043919353]
[(33.14624876882388, -79.3110517129994), (-7120150.0, 4009850.0), (49901, 109208), 66.48308055437865, 1688095.58220671, 828910.6167889523]
[(21.051246646922856, -73.4585984528395), (-7054550.0, 2580350.0), (64196, 109864), 145.2618325645109, 27797741.838088375, 5884.387174037984]
[(10.025289982579295, -62.68861612447643), (-6223450.0, 1237150.0), (77628, 118175), 266.5576860643865, 24396996.87466743, 1461586.624320663]
[(4.624437087973603, -62.93906131137551), (-6295250.0, 571550.0), (84284, 117457), 696.2707806593638, 7739908.565583967, 3769.194863155688]
[(-0.4977990465509806, -71.75134531311282), (-7190950.0, -61550.0), (90615, 108500), 834.6028995875823, 1071988.1919648172, 11522.04985511303]
[(-10.738264099975552, -72.06920757019084), (-7144650.0, -1324750.0), (103247, 108963), 943.2120652324163, 5095415.046259804, 1235.9306967072189]
[(-20.167037019603914, -67.50307747528224), (-6505950.0, -2473750.0), (114737, 115350), 364.2444234302016, 13044802.476320509, 99506.41109234095]
[(-25.01701795539827, -68.96064220784659), (-6502850.0, -3055350.0), (120553, 115381), 487.95491595023407, 2562638.0082240296, 2297.0211766902357]
[(-34.637613857082385, -69.71739293443967), (-6191050.0, -4181650.0), (131816, 118499), 248.22973230457305, 16400786.017374529, 25781.774794957135]
[(-40.92790310041562, -73.69844954953032), (-6205150.0, -4892850.0), (138928, 118358), 109.14210919713803, 6788.7969272690825, 6788.7969272690825]
[(62.90821393468074, -95.72900411492299), (-5848950.0, 7150050.0), (18499, 121920), 2049.7592541564486, 5569.485462207283, 0.0]
[(52.66907360230728, -70.80480725504559), (-5191050.0, 6150050.0), (28499, 128499), 3709.8574096587595, 19849.992314771756, 0.0]
[(52.66809799193797, -71.7899496641958), (-5263350.0, 6149950.0), (28500, 127776), 2313.363352350858, 14207941.220076423, 0.0]
[(42.392697386510164, -72.3287044322296), (-6003650.0, 5055050.0), (39449, 120373), 60.03332407921454, 16599648.668947984, 8346306.770197323]
[(32.32224293157866, -64.80269613923625), (-5851250.0, 3914450.0), (50855, 121897), 19.697715603592208, 62806.0000082273, 62806.0000082273]
[(17.95227204773759, -62.89311966022091), (-6111950.0, 2205750.0), (67942, 119290), 39.21734310225516, 111265.47115097311, 110802.33593877847]
[(9.316979936668808, -61.138394719883244), (-6077450.0, 1150050.0), (78499, 119635), 323.8965884352597, 3298703.710250126, 26434.55076760985]
[(1.2135910141732433, -53.37500727011318), (-5348650.0, 150050.0), (88499, 126923), 1281.5166795637113, 2958399.35122592, 0.0]
[(1.2127821767924107, -57.93147874944279), (-5805250.0, 149950.0), (88500, 122357), 1063.166967131692, 5366383.224880433, 0.0]
[(-8.897623022741762, -52.44387414612862), (-5216950.0, -1098450.0), (100984, 128240), 970.8043057176868, 2493004.3328121128, 1491.5251582480735]
[(-19.195446041603493, -61.391291438940286), (-5939150.0, -2356350.0), (113563, 121018), 775.1264412984503, 9184454.207022363, 911.1294379550964]
[(-30.507056902861816, -62.59254761994), (-5720150.0, -3703150.0), (127031, 123208), 365.60361048545457, 19440985.939218033, 219722.43807737972]
[(-36.43494213240962, -68.96636514530164), (-6039350.0, -4387150.0), (133871, 120016), 266.54267950930483, 21327722.941476993, 12163.456285618478]
[(-49.77557788736455, -75.03855966259863), (-5724450.0, -5849950.0), (148499, 123165), 428.0280364649026, 2565254.164812348, 131.43499398231506]
[(-49.77653117002339, -73.22526150028847), (-5586050.0, -5850050.0), (148500, 124549), 281.101405190369, 111000.01125158975, 726.7166085629724]
[(62.90821393468074, -68.59437039055693), (-4191050.0, 7150050.0), (18499, 138499), 1412.7267959517155, 10751.264243211126, 0.0]
[(53.084437492407346, -71.23386703394344), (-5190950.0, 6192550.0), (28074, 128500), 2765.032549537166, 40445.944722169166, 0.0]
[(52.66809799193797, -62.70461703928563), (-4597250.0, 6149950.0), (28500, 134437), 2305.1726616459773, 1691754.603695128, 0.0]
[(1.8315744511407435, -51.81045645403952), (-5190950.0, 226450.0), (87735, 128500), 575.5692834055689, 96655.48324349204, 36210.531511969355]
[(-4.60419272808361, -51.89750560470399), (-5190950.0, -569050.0), (95690, 128500), 615.4104321507721, 18655711.507480226, 5379.878506450157]
[(-8.173116654073727, -52.121415824278195), (-5190950.0, -1009250.0), (100092, 128500), 622.055463765089, 5318318.345049279, 3889.1893522539176]
[(-18.14438505336349, -52.91136929048974), (-5138450.0, -2229050.0), (112290, 129025), 137.78606605894515, 50712108.96947687, 179290.1986472807]
[(-26.901149685862595, -54.019246210328106), (-5043550.0, -3279050.0), (122790, 129974), 128.37834708392222, 57607409.73397149, 1497487.660540992]
[(-32.674296480534316, -52.84626498769642), (-4760050.0, -3955250.0), (129552, 132809), 191.2066944434739, 11740294.033600692, 370499.3641944735]
[(-49.77557788736455, -68.04521155404734), (-5190950.0, -5849950.0), (148499, 128500), 175.775424903483, 29250.272274184972, 23.922406954690814]
[(-53.501277922481485, -71.67528432100715), (-5190950.0, -6235050.0), (152350, 128500), 247.54191564258366, 493828.4843853772, 128581.30485548498]
[(69.87041104593413, -73.6091439728609), (-3755750.0, 7763650.0), (12363, 142852), 1735.5852039009783, 16018.177835901268, 0.0]
[(62.907131305938314, -68.48963964299898), (-4184750.0, 7149950.0), (18500, 138562), 796.0433405286424, 1876.0959036429413, 0.0]
[(52.20072133829848, -56.78066542884031), (-4190950.0, 6101950.0), (28980, 138500), 406.78495547401945, 305915.2367651807, 5616.7862923993525]
[(-6.090779651031535, -41.65626415867802), (-4160350.0, -752550.0), (97525, 138806), 79.71198153351854, 14273491.980370114, 255638.90865533322]
[(-9.634063185670858, -38.676618700685594), (-3842450.0, -1189050.0), (101890, 141985), 170.57842770995398, 34130510.63607323, 708874.2646850419]
[(-16.05753182778645, -40.911779643682685), (-4000750.0, -1975450.0), (109754, 140402), 75.39230729988306, 29200005.80633546, 567208.4388344032]
[(69.56610266477107, -42.5455783623896), (-2191050.0, 7738150.0), (12618, 158499), 3425.0, 45022.38485592282, 0.0]
[(62.907131305938314, -45.79096440054118), (-2797850.0, 7149950.0), (18500, 152431), 1801.28204343462, 8065.055578747517, 0.0]
[(38.48219594052742, -28.422593628738962), (-2446750.0, 4619050.0), (43809, 155942), 57.3149195236284, 207504.34243521607, 36810.238453450394]
[(16.83330500754068, -22.92145807545729), (-2235950.0, 2069850.0), (69301, 158050), 53.85164807134504, 638839.9999220332, 65586.6149157947]
[(-20.51683792094426, -29.31837712287103), (-2821750.0, -2515950.0), (115159, 152192), 43.139309220245984, 0.0, 0.0]
[(74.70068173652342, -51.01593003439686), (-2190950.0, 8149950.0), (8500, 158500), 6849.330551229076, 338636.21729090775, 0.0]
[(37.79654354757397, -25.302102323342798), (-2190950.0, 4541650.0), (44583, 158500), 49.678969393496885, 10429.656076752697, 10429.656076752697]
[(25.813242495808336, -13.218152314595923), (-1241350.0, 3150050.0), (58499, 167996), 705.8533842094971, 2794004.7738055736, 1315.3006816338748]
[(25.81240064967472, -12.682491558069303), (-1191050.0, 3149950.0), (58500, 168499), 1464.9737199008043, 2663720.8129534856, 0.0]
[(12.899200239094109, -13.174849698721673), (-1299750.0, 1589750.0), (74102, 167412), 105.11898020814318, 37192331.44630246, 1236683.199561927]
[(7.6738930436457125, -12.664547843678946), (-1262250.0, 947750.0), (80522, 167787), 45.221676218380054, 5475130.706860174, 3427762.800122327]
[(-7.949046141205294, -14.31783815800311), (-1426450.0, -981650.0), (99816, 166145), 46.400431032480725, 978.5509084053338, 978.5509084053338]
[(74.70068173652342, -27.731085544838972), (-1190950.0, 8149950.0), (8500, 168500), 822.6621420729168, 55147.452114416985, 0.0]
[(58.35849083248589, -6.359142044067833), (-425250.0, 6718550.0), (22814, 176157), 69.63476143421474, 15201403.9402687, 42472.25974215321]
[(52.103579191388654, -10.54303349201293), (-779250.0, 6091950.0), (29080, 172617), 43.289721643826724, 11748865.993774794, 192478.60883246711]
[(34.362556966473676, -3.548354348819228), (-315750.0, 4150050.0), (48499, 177252), 169.81166037701888, 40092338.71556565, 1817018.5398427178]
[(28.138945863315183, -4.997546339530294), (-463350.0, 3425250.0), (55747, 175776), 983.0005086468674, 32255631.594849225, 3280.2734445892274]
[(19.798494442788535, -1.9793888936346864), (-191050.0, 2429250.0), (65707, 178499), 1664.1553413068145, 207472.427096338, 0.0]
[(17.49251191002957, -4.883689022281), (-475350.0, 2149950.0), (68500, 175656), 851.9448338947775, 49719060.25015132, 22504.412182230502]
[(9.316167045917696, -3.5969035736267743), (-357550.0, 1149950.0), (78500, 176834), 360.95983156024437, 49351040.74266468, 289891.5807967419]
[(-15.906457950475687, -5.683528601157157), (-556050.0, -1957050.0), (109570, 174849), 31.144823004794873, 3562.9133486757055, 3562.9133486757055]
[(-40.310268163235435, -9.951563353616892), (-842750.0, -4824050.0), (138240, 171982), 66.46803743153546, 353.535736951977, 0.0]
[(66.71280039506608, 14.49832377194069), (808950.0, 7492950.0), (15070, 188499), 226.6362724719942, 706311.8008123864, 115782.55221401341]
[(62.907131305938314, 12.424615552896272), (759150.0, 7149950.0), (18500, 188001), 175.93464695732902, 38023043.57355641, 23696.1117516323]
[(52.538412952959625, 5.258433915910755), (386250.0, 6136650.0), (28633, 184272), 112.0714058089752, 196167452.30659273, 12738297.884814335]
[(34.362556966473676, -2.1458693995472102), (-190950.0, 4150050.0), (48499, 178500), 100.4987562112089, 68406333.53244224, 2002823.7087247502]
[(28.929989170700875, 5.045831295393075), (465650.0, 3518350.0), (54816, 185066), 789.002534850174, 6262349.479856114, 133.57438099384308]
[(19.079731502078, -1.9729396193669462), (-190950.0, 2342350.0), (66576, 178500), 1583.2084512154424, 699744.405392332, 0.0]
[(17.49251191002957, 3.8316436748915503), (372950.0, 2149950.0), (68500, 184139), 813.7622502918159, 97468738.69348112, 4679.952675618231]
[(7.414224072522689, -0.2191466723360384), (-21850.0, 915750.0), (80842, 180191), 118.6086000254619, 184700644.4819435, 3183399.5640427754]
[(0.19693513401241705, 6.554922594249761), (656950.0, 24350.0), (89756, 186979), 89.67719888578144, 257756.72034400702, 256561.09505032748]
[(66.30173070120517, 32.07833368341705), (1808950.0, 7456750.0), (15432, 198499), 426.1748467472007, 2703144.863574556, 48890.88026660588]
[(62.907131305938314, 13.241303053508172), (809050.0, 7149950.0), (18500, 188500), 237.0759372015642, 35344099.90214391, 11131.179385211784]
[(46.371371037362074, 10.17223472898653), (809050.0, 5488350.0), (35116, 188500), 96.51942809610924, 123272703.5755257, 2479403.3795038466]
[(40.12843501988156, 9.537587672205294), (809050.0, 4803750.0), (41962, 188500), 124.32618388738553, 42920032.40454385, 88111.41865232767]
[(26.058316600126556, 19.286953328953892), (1808950.0, 3179150.0), (58208, 198499), 1221.8612850892691, 6371597.102732316, 0.0]
[(24.353458903738716, 19.120114449313366), (1808950.0, 2976250.0), (60237, 198499), 1462.2492947510696, 316653.13944864506, 0.0]
[(16.88923312937201, 14.292453897199094), (1393950.0, 2076650.0), (69233, 194349), 958.2927527639974, 86861916.81158593, 2276.0933636426926]
[(1.2135910141732433, 12.602175863266886), (1262850.0, 150050.0), (88499, 193038), 469.7658991455212, 59920083.369097054, 18428.948332998436]
[(1.2127821767924107, 14.737712310600678), (1476850.0, 149950.0), (88500, 195178), 545.6784767608119, 36872298.451733835, 36006.13725048397]
[(-13.717257124728768, 18.131861046727828), (1785050.0, -1689850.0), (106898, 198260), 672.8759172388324, 32888143.214855265, 12161.655472907238]
[(-16.23657823647975, 18.50872247085015), (1808950.0, -1997250.0), (109972, 198499), 731.9760925057594, 5973843.877894237, 4492.553522154689]
[(-25.100162850877815, 15.334986301815752), (1445450.0, -3065250.0), (120652, 194864), 439.24594477354026, 423777.1887289712, 1732.546954755322]
[(-32.330865493708615, 19.913508278931147), (1797950.0, -3915450.0), (129154, 198389), 77.79460135510689, 7521923.332723039, 136292.30506441125]
[(66.86101811544718, 50.538890228896555), (2808950.0, 7505950.0), (14940, 208499), 1296.9969159562409, 847399.0868229526, 0.0]
[(60.716614594766206, 31.652129594462387), (2024250.0, 6944950.0), (20550, 200652), 497.98092332939825, 46867812.42826547, 6455422.712114764]
[(44.90513346062914, 29.40417795415451), (2377450.0, 5329950.0), (36700, 204184), 132.90974381135493, 55752255.13077326, 914172.2083411724]
[(40.54163125939202, 31.949729404221134), (2699850.0, 4849850.0), (41501, 207408), 122.20065466273084, 66862331.416853786, 8082459.903154713]
[(25.813242495808336, 19.26313968237786), (1809050.0, 3150050.0), (58499, 198500), 1696.8971683634811, 20072665.07112679, 0.0]
[(25.81240064967472, 19.263054744238506), (1809050.0, 3149950.0), (58500, 198500), 1664.6840541075655, 752955.6214829949, 0.0]
[(16.59814663582832, 19.243986061227226), (1878650.0, 2041250.0), (69587, 199196), 822.2876625609799, 25092345.13201269, 626.3887635469437]
[(7.088097748697201, 26.593119532689546), (2652650.0, 875550.0), (81244, 206936), 772.4901293867773, 15952856.618067412, 1160.4147701635957]
[(1.2127821767924107, 28.030942204598823), (2808950.0, 149950.0), (88500, 208499), 439.48265039703216, 37081240.278319865, 110249.21112100035]
[(-14.578170348381013, 20.81642555544064), (2044550.0, -1795050.0), (107950, 200855), 467.3157390886808, 39837507.30629255, 198199.7494543139]
[(-22.89670722372074, 23.387047141469715), (2227950.0, -2802050.0), (118020, 202689), 627.5444207384844, 14330499.55729496, 1309.9185278532095]
[(-23.29749717153331, 23.970874105125795), (2279350.0, -2850050.0), (118500, 203203), 586.655776414074, 41548104.79161828, 11569.505513187614]
[(-33.632166377649476, 23.845067240939553), (2133250.0, -4065950.0), (130659, 201742), 93.64827814754524, 5274516.158926937, 410391.1591626598]
[(65.88404055116796, 49.289377343998765), (2809050.0, 7419750.0), (15802, 208500), 1028.0077820717117, 572483.0934891496, 189.4972345167771]
[(60.06273204038398, 58.80015728058514), (3808950.0, 6882750.0), (21172, 218499), 590.7859172322915, 23266665.727970492, 210252.26081015635]
[(49.16878070595745, 46.17602267580783), (3550250.0, 5786150.0), (32138, 215912), 244.07375934335914, 31655402.848261483, 791967.4250994292]
[(35.07440758852901, 42.112856929296406), (3727350.0, 4231750.0), (47682, 217683), 521.8141431582704, 75915843.37780574, 826222.7905885875]
[(34.36168707471192, 38.94623810325871), (3465650.0, 4149950.0), (48500, 215066), 689.3837828089663, 138322963.45535693, 9656.459495630115]
[(22.3180246362, 34.32156438237278), (3278150.0, 2732650.0), (62673, 213191), 776.9588148673004, 27304829.148631707, 32202.761070162058]
[(9.316979936668808, 33.11761550281642), (3292050.0, 1150050.0), (78499, 213330), 560.6157329222932, 61997699.1283477, 76104.18868577853]
[(6.7863880129595655, 32.07620224805927), (3200850.0, 838350.0), (81616, 212418), 585.4921007152872, 79102859.31538159, 298921.23760990426]
[(-0.9733701159631517, 33.10770495825043), (3317850.0, -120350.0), (91203, 213588), 780.6977648232381, 178429337.40305075, 1059486.8253734168]
[(-8.45977000503002, 38.26226425979102), (3808950.0, -1044550.0), (100445, 218499), 575.6839410648868, 49869881.56306122, 1977.1681143417954]
[(-15.892502231435763, 29.669496231616616), (2902850.0, -1955350.0), (109553, 209438), 238.10291892372928, 44959658.69241869, 808592.3559895107]
[(-23.29749717153331, 31.589055254029265), (3003750.0, -2850050.0), (118500, 210447), 154.3502510525979, 21860436.579544205, 391204.91344712366]
[(-46.89881732615822, 37.76836000864242), (2985550.0, -5544950.0), (145449, 210265), 104.12012293500234, 0.0, 0.0]
[(74.70068173652342, 103.28807742900537), (4435850.0, 8149950.0), (8500, 224768), 2786.4308712042366, 613208.1412702659, 0.0]
[(62.907131305938314, 69.18685181787005), (4227350.0, 7149950.0), (18500, 222683), 524.1373865695901, 15809801.398485167, 6421.697826643474]
[(43.25654436500826, 56.20195461352005), (4624350.0, 5150050.0), (38499, 226653), 724.845500779304, 6040703.809057396, 2342.0874426835217]
[(42.06379202336701, 56.676797891262844), (4719850.0, 5018750.0), (39812, 227608), 782.8952675805366, 66671855.79240423, 221.4341018931009]
[(34.36168707471192, 54.041957995373444), (4808950.0, 4149950.0), (48500, 228499), 885.800203206118, 66319866.207729585, 193.11985748587176]
[(20.13472461246722, 49.88930779940758), (4808950.0, 2469850.0), (65301, 228499), 1526.4812478376537, 20907777.4830812, 0.0]
[(16.5019772167018, 46.690408937474125), (4559450.0, 2029550.0), (69704, 226004), 564.0008865241259, 75782381.31072539, 26926.640111152083]
[(1.4530112198011111, 41.67595038367048), (4176050.0, 179650.0), (88203, 222170), 339.418620585259, 77383797.26488201, 358570.6520414911]
[(-2.720682628933979, 38.771160470738835), (3883050.0, -336350.0), (93363, 219240), 391.8328725362383, 25406045.01770006, 580361.2880266963]
[(-12.389763857096115, 38.56269782079273), (3809050.0, -1527350.0), (105273, 218500), 338.28538248053223, 14015383.054374235, 351077.3202326717]
[(-16.838239587940915, 48.844779720880844), (4764650.0, -2070450.0), (110704, 228056), 114.0175425099138, 30738007.45615813, 1199608.5982003408]
[(-24.27050297223393, 43.90417855215783), (4155450.0, -2966350.0), (119663, 221964), 135.80132547217644, 4486087.011283265, 794537.9607312763]
[(67.49053127429015, 104.50459352220679), (5711550.0, 7560850.0), (14391, 237525), 2319.456186264358, 19719.76338065602, 0.0]
[(62.907131305938314, 91.83479096309547), (5611150.0, 7149950.0), (18500, 236521), 995.8157460092706, 3985347.428140254, 21.854444313794374]
[(44.866447622822164, 59.45296181395947), (4809050.0, 5325750.0), (36742, 228500), 716.6393793254736, 5444710.6767449025, 8.170278620440513]
[(43.255632669774705, 65.44527843313378), (5384950.0, 5149950.0), (38500, 234259), 921.2127875795038, 47179558.94800452, 131.42698107706383]
[(30.098231394164426, 59.05798828531496), (5411150.0, 3655350.0), (53446, 234521), 803.5178902799862, 25351929.607209805, 13840.47666214779]
[(20.229183435452306, 49.909063544336014), (4809050.0, 2481250.0), (65187, 228500), 1407.79863616925, 17450395.59726326, 0.0]
[(15.321451830966911, 49.672951148031906), (4868350.0, 1885750.0), (71142, 229093), 344.7259781333574, 2546953.1657098904, 676898.9095962169]
[(8.590536866104546, 49.89628271752624), (4966050.0, 1060650.0), (79393, 230070), 208.08652046684813, 447266.6522082854, 100691.2119702734]
[(-5.436023989973654, 53.344138888175), (5331450.0, -671750.0), (96717, 233724), 45.221676218380054, 110946.65796963498, 149.37815567851067]
[(-14.100913574024178, 49.073471929005976), (4826250.0, -1736750.0), (107367, 228672), 167.14664220378464, 2125257.7613495686, 1117241.0932939681]
[(-15.46661848200465, 50.18740339230127), (4916650.0, -1903450.0), (109034, 229576), 157.87653403846943, 3313383.3401116617, 615360.1426949296]
[(66.67294993438594, 104.00402399813183), (5809050.0, 7489450.0), (15105, 238500), 2274.3086861725697, 35174.55387934297, 0.0]
[(60.82746963756039, 106.70326751452424), (6808950.0, 6955450.0), (20445, 248499), 1287.7926851787906, 9654276.907011684, 0.0]
[(51.89110890722601, 90.42136290239135), (6703250.0, 6070050.0), (29299, 247442), 632.4626471183891, 9425866.799414853, 55014.65440031653]
[(38.78771377827815, 79.3069490760766), (6808950.0, 4653450.0), (43465, 248499), 1174.8472241104373, 90978511.83903533, 7595.922864104155]
[(30.449713968636427, 65.28673715919871), (5968550.0, 3696450.0), (53035, 240095), 709.3215067936401, 257883439.72666138, 452465.7019846849]
[(25.81240064967472, 64.15250494477816), (6024750.0, 3149950.0), (58500, 240657), 418.1913437650282, 60684422.52506614, 104302.13238917291]
[(-16.594858489862396, 59.50448191488163), (5809050.0, -2040850.0), (110408, 238500), 37.48332962798263, 41074.60592135787, 0.0]
[(67.95759407443013, 126.1933025374828), (6809050.0, 7601250.0), (13987, 248500), 1169.6431079607146, 131993.88685124973, 0.0]
[(54.11110181407351, 94.8878450214303), (6809050.0, 6296950.0), (27030, 248500), 1299.9692304050893, 1411743.731489663, 0.0]
[(52.66809799193797, 98.33123288715427), (7209250.0, 6149950.0), (28500, 252502), 821.776125231197, 10892797.671872728, 126.37428514740895]
[(34.362556966473676, 87.75588817802664), (7808950.0, 4150050.0), (48499, 258499), 4195.451346398859, 6957681.783830541, 0.0]
[(34.36168707471192, 82.88711084215383), (7375750.0, 4149950.0), (48500, 254167), 1763.673722659608, 366557308.836344, 0.0]
[(19.579180071900414, 80.83669787175008), (7808950.0, 2402750.0), (65972, 258499), 117.957619508025, 357881174.56220955, 1440491.063049985]
[(15.745579078916087, 78.80031048776478), (7713250.0, 1937450.0), (70625, 257542), 127.88275880665071, 203175660.15641874, 7302174.53017595]
[(9.316167045917696, 77.23810964276419), (7677850.0, 1149950.0), (78500, 257188), 120.28299963003916, 19411075.29582094, 14271048.280559558]
[(0.2883262252252393, 73.40755644825481), (7357050.0, 35650.0), (89643, 253980), 45.39823785126467, 50218.21858851698, 29970.434951177267]
[(66.59104381086057, 147.66290703058155), (8265150.0, 7482250.0), (15177, 263061), 1081.1410638764953, 43017.00172089273, 41.479208309203386]
[(57.6941755469182, 130.18016851198942), (8808950.0, 6653750.0), (23462, 268499), 1560.7181039508705, 669962.6850130376, 0.0]
[(50.49059003234142, 111.9143310279693), (8457450.0, 5924750.0), (30752, 264984), 666.2739676739592, 4618532.23766669, 15562.260588795412]
[(34.362556966473676, 87.75701196404368), (7809050.0, 4150050.0), (48499, 258500), 3390.4869856703476, 3584020.5034271656, 0.0]
[(34.36168707471192, 89.56010903461845), (7969550.0, 4149950.0), (48500, 260105), 1245.8880367031381, 155750748.973557, 18.41136284172535]
[(21.917485729419337, 89.72253585582058), (8584750.0, 2684550.0), (63154, 266257), 133.80956617521784, 504140301.547422, 11018406.298075302]
[(14.074728827292937, 79.40417268142829), (7809750.0, 1733550.0), (72664, 258507), 84.0535543567314, 66720910.91904051, 4897551.825496948]
[(6.632317084410869, 81.63790641213916), (8148150.0, 819350.0), (81806, 261891), 105.89145385724005, 21885039.223433852, 4003157.125949723]
[(66.216864926359, 158.3902722979276), (8951250.0, 7449250.0), (15507, 269922), 1130.0995531368021, 17251.80789474817, 17.276249365881085]
[(57.805607355619244, 130.43717043165478), (8809050.0, 6664650.0), (23353, 268500), 1168.8306121932296, 206973.78555555808, 0.0]
[(52.66809799193797, 133.2731411869513), (9771050.0, 6149950.0), (28500, 278120), 804.1946281839987, 12047219.235154904, 953.9424334536307]
[(38.79126918948864, 104.47803046238234), (8969750.0, 4653850.0), (43461, 270107), 619.4271547163556, 96985053.75032559, 382392.63613335334]
[(33.57494628943082, 98.42520356007232), (8809050.0, 4059350.0), (49406, 268500), 454.8197445142416, 132117010.53006406, 60892.65811623447]
[(20.463768099088583, 93.78987515629603), (9028750.0, 2509550.0), (64904, 270697), 322.5523213371747, 80315098.50717449, 2012977.8787440537]
[(12.592185713734041, 99.35350777280654), (9808950.0, 1552150.0), (74478, 278499), 287.80027797067885, 26252595.408949252, 734916.9127290826]
[(3.741975317486166, 98.00042622497347), (9808950.0, 462550.0), (85374, 278499), 271.97426348829407, 5806302.372171923, 666162.4628886469]
[(1.2127821767924107, 97.09067357493495), (9729350.0, 149950.0), (88500, 277703), 36.0, 533161.4579375982, 533161.4579375982]
[(-12.079717470326791, 96.84096043510537), (9572450.0, -1489350.0), (104893, 276134), 34.92849839314596, 495.24711812334135, 495.24711812334135]
[(62.90821393468074, 174.42091493388187), (10656950.0, 7150050.0), (18499, 286979), 946.4697565162872, 19012.823404802475, 3.6783381924033165]
[(62.907131305938314, 176.90449618715428), (10808950.0, 7149950.0), (18500, 288499), 1682.451782370003, 142460.52749065263, 0.0]
[(47.94168238016607, 138.45314160100048), (10808950.0, 5656250.0), (33437, 288499), 973.2718017080326, 56141434.55492881, 227.07822761312127]
[(41.51702262098207, 129.10400640678398), (10808950.0, 4958250.0), (40417, 288499), 165.21803775617238, 344750777.44719523, 1062134.6325065033]
[(29.24670272442504, 112.89963802024474), (10398950.0, 3555550.0), (54444, 284399), 109.65856099730654, 343794735.6740827, 14866912.019704241]
[(17.49333545260509, 106.0159546181054), (10318950.0, 2150050.0), (68499, 283599), 183.63550854886427, 178960811.4552725, 1012039.4261353663]
[(14.345633119767715, 107.09881850762059), (10525850.0, 1766650.0), (72333, 285668), 294.4163718273833, 134092633.85842195, 1703624.3958470805]
[(4.574231480082478, 102.25021966858405), (10227650.0, 565350.0), (84346, 282686), 239.1693960355296, 60034667.64489528, 1195150.2109506777]
[(0.48890247320105734, 102.52842157504134), (10275450.0, 60450.0), (89395, 283164), 247.19425559668656, 99021759.22735126, 2236221.3230357654]
[(-7.1051319751931254, 107.27367989275795), (10700250.0, -877650.0), (98776, 287412), 56.639209034025185, 19082052.224060133, 18213407.451152552]
[(-26.57943198417349, 115.02258824271105), (10758050.0, -3240950.0), (122409, 287990), 468.6704599182671, 432411.5557955869, 139.81315885292133]
[(-32.76152762301481, 120.07450009023381), (10808950.0, -3965350.0), (129653, 288499), 262.68802789621, 2297564.7928023525, 2359.9500283888774]
[(62.90821393468074, 176.9103158564201), (10809050.0, 7150050.0), (18499, 288500), 457.00109409059405, 858.2432649061084, 57.91613405570388]
[(62.907131305938314, 176.9061328354521), (10809050.0, 7149950.0), (18500, 288500), 1002.082830907705, 276574.81210517325, 810.4531763819978]
[(46.75605065571526, 136.51035054316475), (10809050.0, 5529650.0), (34703, 288500), 982.1328830662376, 1875371.8397999178, 212.78413786366582]
[(43.255632669774705, 133.59771956433912), (10992650.0, 5149950.0), (38500, 290336), 193.78596440403004, 68353938.62594938, 291879.7631109839]
[(31.243389779124495, 120.10215284917476), (10923450.0, 3789050.0), (52109, 289644), 139.52060779684126, 178532766.0329789, 44376564.36493815]
[(23.63267570952949, 121.09436532129605), (11496550.0, 2890150.0), (61098, 295375), 141.15594213493105, 125648757.24837472, 8005141.227267274]
[(9.316979936668808, 118.27245571127025), (11756850.0, 1150050.0), (78499, 297978), 127.4244874425634, 8666541.889036287, 426771.997496251]
[(1.951297106071444, 115.85197218360254), (11606850.0, 241250.0), (87587, 296478), 681.8482235805855, 9607317.239267725, 21930.151076789014]
[(1.2127821767924107, 116.20274766320554), (11644550.0, 149950.0), (88500, 296855), 398.7204534507855, 26008024.149551913, 136035.57931640744]
[(-8.333892497270233, 118.09419276221338), (11758450.0, -1029050.0), (100290, 297994), 118.86967653695369, 81001178.49453498, 800937.8482639175]
[(-20.686874472218236, 122.7814158448999), (11808950.0, -2536450.0), (115364, 298499), 1600.6551783566629, 122633.82087828958, 0.0]
[(-28.32142598476176, 125.5583768541781), (11628850.0, -3446750.0), (124467, 296698), 1383.2053354437294, 65688.66723529767, 0.0]
[(-32.81249934640012, 120.11846516151353), (10809050.0, -3971250.0), (129712, 288500), 634.0, 16562.635825755337, 907.5598268859903]
[(-54.55451577180826, 158.88759576157776), (11323950.0, -6341750.0), (153417, 293649), 29.966648127543394, 0.0, 0.0]
[(52.86728874343161, 172.9965576673206), (12646750.0, 6170350.0), (28296, 306877), 103.40696301506973, 340.0562627140898, 26.886388381477445]
[(45.864347855342956, 149.921952685797), (11993250.0, 5433750.0), (35662, 300342), 149.78985279383915, 127557.23891109962, 5334.122107956093]
[(36.98376552413411, 139.0841765844859), (12125350.0, 4449550.0), (45504, 301663), 91.76055797563569, 91268749.36834595, 6517275.72522174]
[(32.13951734686732, 131.21914072527363), (11863050.0, 3893250.0), (51067, 299040), 51.478150704935004, 9189736.3253334, 2473180.2211915106]
[(17.645715397935522, 122.04926953282747), (11873350.0, 2168550.0), (68314, 299143), 119.4361754243663, 1336947.806850193, 1263937.9863962377]
[(10.161976906077776, 118.98338128780479), (11809050.0, 1253950.0), (77460, 298500), 154.5477272560163, 86404524.99226701, 405527.88099149766]
[(1.6778809133541015, 127.83862401296689), (12808950.0, 207450.0), (87925, 308499), 143.26548781894402, 33165936.991000365, 121550.25792620331]
[(-3.3089699681211893, 121.71886913772325), (12186450.0, -409050.0), (94090, 302274), 299.2941696725815, 22171306.61838352, 1655601.9972234396]
[(-15.0279551121021, 127.48660717811529), (12505450.0, -1849950.0), (108499, 305464), 647.4079085090018, 8042253.9062591195, 645.9311943999492]
[(-21.335343546673112, 125.81148247213733), (12067850.0, -2614550.0), (116145, 301088), 1955.0432220286077, 50550.452228371185, 0.0]
[(-23.29749717153331, 124.19033972454243), (11809050.0, -2850050.0), (118500, 298500), 2015.4227844301056, 46971.45142490963, 0.0]
[(-31.767597114036203, 136.2378398626123), (12347850.0, -3850050.0), (128500, 303888), 520.1932333277703, 9257944.486290395, 14036.834449785121]
[(-42.30837135593606, 146.0109908785241), (12129850.0, -5045750.0), (140457, 301708), 244.62420158275427, 572919.0071703646, 291043.521899502]
[(-50.82748485253198, 166.04115833678432), (12491150.0, -5959850.0), (149598, 305321), 80.23091673413684, 0.0, 0.0]
[(51.95316235703709, 177.41430091832828), (13140850.0, 6076450.0), (29235, 311818), 91.13725912051558, 0.0, 0.0]
[(26.556646151396272, 142.17710083069102), (13299450.0, 3238250.0), (57617, 313404), 41.23105625617661, 1086.1124525628984, 1086.1124525628984]
[(25.43632138257224, 141.27884076572283), (13293850.0, 3105250.0), (58947, 313348), 30.4138126514911, 2170.57319573313, 2170.57319573313]
[(9.603162943605989, 138.13420280522809), (13724150.0, 1185250.0), (78147, 317651), 25.238858928247925, 8923.338570133317, 8923.338570133317]
[(1.2896221503315035, 128.3806320411342), (12864650.0, 159450.0), (88405, 309056), 174.7741399635541, 367390.89244171564, 285866.0831746217]
[(-2.647862892819737, 136.88096343886252), (13709550.0, -327350.0), (93273, 317505), 440.2646931108603, 7645623.09301902, 326009.1578454636]
[(-15.0279551121021, 130.58165245351725), (12809050.0, -1849950.0), (108499, 308500), 629.9857141237411, 401958.57233386027, 6.62595136417076]
[(-18.517298345502862, 132.07272873312243), (12809050.0, -2274250.0), (112742, 308500), 1401.2198257232874, 45866.977657404335, 0.0]
[(-25.85365378265394, 136.42232100455027), (12809050.0, -3154850.0), (121548, 308500), 2041.9169914568026, 155358.857994522, 0.0]
[(-36.698615717767474, 148.0955470793214), (12941050.0, -4417150.0), (134171, 309820), 265.6689669494727, 8524467.31889207, 152946.51726460463]
[(-45.93852897764218, 166.94532960148695), (13343850.0, -5441750.0), (144417, 313848), 247.29132617218906, 375506.3566827925, 88969.38408756781]
[(18.770758857543473, 145.66805090388), (14114550.0, 2304950.0), (66950, 321555), 50.24937810560445, 151.81636053696275, 0.0]
[(16.349951654874495, 145.67698592584435), (14232650.0, 2011050.0), (69889, 322736), 55.60575509783138, 233638.5854777027, 0.0]
[(8.152818447567391, 140.35175946716566), (13978550.0, 1006750.0), (79932, 320195), 32.0, 3309.2725605802843, 0.0]
[(-2.867136357325609, 139.34996320020284), (13955250.0, -354450.0), (93544, 319962), 358.4368842627667, 12967326.767729495, 416223.50608410686]
[(-7.371222113912095, 142.10732436520033), (14169650.0, -910450.0), (99104, 322106), 440.06931272243924, 2492966.25160567, 43756.519317783415]
[(-16.682001624983904, 142.73337295681768), (13930250.0, -2051450.0), (110514, 319712), 604.7974867672649, 842506.3952255339, 81.84459791809786]
[(-24.757642189484535, 148.0556906303249), (13979550.0, -3024450.0), (120244, 320205), 163.36768346279504, 5503296.875140991, 3027.848770532524]
[(-31.767597114036203, 152.7381771289815), (13843350.0, -3850050.0), (128500, 318843), 36.24913792078372, 13363.905251581687, 13256.930667759152]
[(-42.32106289887024, 172.7665302296126), (14350750.0, -5047150.0), (140471, 323917), 197.7978766316767, 1530669.9955437558, 26680.947527298034]
[(6.876406580377002, 158.2258001813784), (15787350.0, 849450.0), (81505, 338283), 49.39635614091387, 102607.16243830859, 45219.43849704682]
[(-5.846832992253646, 149.98132459488474), (14983250.0, -722450.0), (97224, 330242), 251.76576415390556, 1347700.3238149174, 268026.197563868]
[(-9.73815619697241, 149.09072009048253), (14809050.0, -1201850.0), (102018, 328500), 222.0923231451281, 553466.6882263827, 68097.6409569718]
[(-20.190237243196428, 164.04231268251456), (15808950.0, -2476550.0), (114765, 338499), 51.03920062069938, 2046.6116685557645, 2046.6116685557645]
[(-29.118951261526103, 167.95271306982968), (15481750.0, -3540550.0), (125405, 335227), 25.942243542145693, 1854.3153147005942, 1854.3153147005942]
[(-35.86830148355368, 175.2664330102489), (15417350.0, -4322550.0), (133225, 334583), 212.08488866489287, 3583719.877237745, 151581.6020908817]
[(-40.67538407073139, 175.46955770600294), (14809150.0, -4864750.0), (138647, 328501), 80.00624975587844, 5032.2675653107, 5032.2675653107]
[(9.843075001644966, 160.86588535880855), (15975550.0, 1214750.0), (77852, 340165), 52.46903848937962, 1820.9536832754675, 0.0]
[(9.110528773090271, 167.35154106506818), (16641550.0, 1124650.0), (78753, 346825), 38.948684188300895, 16756.33159236808, 9209.244583848864]
[(-5.046381456999513, 159.37172945237623), (15934450.0, -623650.0), (96236, 339754), 34.058772731852805, 15956.734475891106, 2598.734439469874]
[(-10.529841737239305, 161.7081035262115), (16037850.0, -1299150.0), (102991, 340788), 129.80754985747168, 714664.3611472938, 84534.84295784682]
[(-21.882531907162104, 166.4564072926071), (15929150.0, -2680350.0), (116803, 339701), 120.81390648431164, 681414.085947097, 283258.02615038585]
[(9.38851716574699, 170.0712208174898), (16903750.0, 1158850.0), (78411, 349447), 42.80186911806539, 1610.081127568148, 881.2126756226644]
[(5.998382992352571, 172.0983778189527), (17189850.0, 741150.0), (82588, 352308), 38.948684188300895, 151715.76245643385, 371.30929847992957]
[(-1.4238920587979884, 174.97414290475638), (17533050.0, -176050.0), (91760, 355740), 40.0, 15554.18732696335, 5330.92763151438]
[(-8.059451761310276, 178.37069924280152), (17767650.0, -995250.0), (99952, 358086), 36.22154055254967, 1633.460908005014, 221.76396978646517]
[(-18.109749318606134, 177.73220658679622), (17262450.0, -2224850.0), (112248, 353034), 94.82615672903758, 966235.0013963674, 804898.3861313876]
[(-9.396646753118253, 179.8532676995404), (17875750.0, -1159850.0), (101598, 359167), 42.720018726587654, 10817.289561320096, 127.45011481642723]
