[(27.782811633701964, -175.83476567743676), (-16336050.0, 3383250.0), (56167, 17049), 33.24154027718932, 0.0, 0.0]
[(-4.4519621419263515, -171.25068319200196), (-17131250.0, -550250.0), (95502, 9097), 39.20459156782532, 0.0, 0.0]
[(-13.596238618524717, -172.4374611818673), (-16981550.0, -1675050.0), (106750, 10594), 122.53978945632312, 291664.42347258376, 234806.40401296038]
[(-19.736412712367454, -175.07492032181852), (-16902250.0, -2421750.0), (114217, 11387), 52.32590180780452, 115025.96994943252, 4289.067218622193]
[(-29.272260253670733, -177.90648306194598), (-16384050.0, -3558550.0), (125585, 16569), 56.568542494923804, 0.0, 0.0]
[(25.770311236364858, -171.7367003314886), (-16131850.0, 3144950.0), (58550, 19091), 27.586228448267445, 0.0, 0.0]
[(22.057333737179807, -159.5159987119642), (-15253350.0, 2701350.0), (62986, 27876), 115.0173899895142, 893107.6849524095, 315198.2958312414]
[(1.832383377488014, -157.40064871585227), (-15770150.0, 226550.0), (87734, 22708), 93.98404119849285, 12525.522213900462, 7243.531459629536]
[(-4.013150652793299, -154.9283701723632), (-15503850.0, -496050.0), (94960, 25371), 58.60034129593445, 0.0, 0.0]
[(-10.440301874144843, -160.98464119877494), (-15968950.0, -1288150.0), (102881, 20720), 52.32590180780452, 315.1723512117751, 153.83368067070842]
[(-18.91117397721639, -159.744138633126), (-15470450.0, -2321950.0), (113219, 25705), 36.68787265568828, 15700.446241725702, 4083.5623587444425]
[(19.634618564714735, -155.6295659377979), (-15030850.0, 2409450.0), (65905, 30101), 209.06697491473875, 785481.8131373557, 255063.03608602722]
[(-14.424226859250894, -144.9349348695328), (-14241350.0, -1776250.0), (107762, 37996), 63.97655820689325, 8297.185039978474, 1664.095199111849]
[(-17.64489159074847, -149.49961446897328), (-14543850.0, -2168450.0), (111684, 34971), 60.30754513325841, 301991.3448803844, 247720.03387741465]
[(-44.05075437272842, -176.49606435072386), (-14402250.0, -5236950.0), (142369, 36387), 67.08203932499369, 634.5296001425013, 634.5296001425013]
[(51.83683798256647, -177.9895314787564), (-13205050.0, 6064450.0), (29355, 48359), 90.24965373894794, 0.0, 0.0]
[(-9.778007582772352, -139.10895771660597), (-13816550.0, -1206750.0), (102067, 42244), 70.40596565632774, 7649.833101028722, 2779.503745302558]
[(-15.812879598955282, -142.21504487172723), (-13917650.0, -1945650.0), (109456, 41233), 56.302753041036986, 4120.500938631027, 865.1470520235598]
[(-27.645563967075606, -144.32343271484245), (-13418950.0, -3367050.0), (123670, 46220), 37.69615364994153, 885.4732717052102, 356.83633682876825]
[(53.419753907149435, -168.12492941304882), (-12190950.0, 6226750.0), (27732, 58500), 88.52683209061533, 101.14403189625591, 0.0]
[(52.18128667137183, -174.48562993527656), (-12882250.0, 6099950.0), (29000, 51587), 112.76967677527502, 417.3791733898688, 0.0]
[(-21.524857736603888, -135.4908412672982), (-12985850.0, -2637350.0), (116373, 50551), 47.43416490252569, 2587.3031792491674, 17.182671070098877]
[(-24.353458903738716, -128.32762958336937), (-12141050.0, -2976250.0), (119762, 58999), 49.51767361255979, 71.62988330889493, 0.0]
[(55.68993410107524, -161.24343765427324), (-11286450.0, 6455650.0), (25443, 67545), 213.45959805077868, 10553.006544338252, 1383.4302134495847]
[(-24.37022018366304, -128.3371130379115), (-12140950.0, -2978250.0), (119782, 59000), 53.71219600798314, 0.0, 0.0]
[(65.05472689651216, -174.3527655524968), (-10141050.0, 7345650.0), (16543, 78999), 338.42281246984516, 5031.70119350626, 2234.611067391932]
[(60.26826716564341, -157.17707415167226), (-10141050.0, 6902350.0), (20976, 78999), 784.2148940182149, 51681.085777302345, 709.118894763046]
[(42.801327064826445, -123.69088234843103), (-10224850.0, 5100050.0), (38999, 78161), 179.88885457415086, 178600.30117216535, 176728.03712155813]
[(35.65904922845769, -116.69034374484467), (-10281550.0, 4298650.0), (47013, 77594), 469.2941508265365, 31724765.187962383, 102351.46270032413]
[(32.365358843738804, -113.38366611109606), (-10234750.0, 3919450.0), (50805, 78062), 426.20300327426133, 19157870.827902135, 185369.21828541692]
[(24.84827429301738, -111.39714176637443), (-10513450.0, 3035250.0), (59647, 75275), 130.20752666416791, 1851474.6381740682, 587140.094245703]
[(-27.078622803825738, -109.384237405652), (-10202750.0, -3300050.0), (123000, 78382), 51.0, 7836.298278328031, 7836.298278328031]
[(62.36867391368265, -156.20639590778475), (-9655850.0, 7100050.0), (18999, 83851), 1192.5019916125927, 21622.263313226784, 0.0]
[(53.33534367948119, -125.90577222605732), (-9141050.0, 6218150.0), (27818, 88999), 834.4177610765485, 699877.9426822979, 8983.770169152769]
[(52.18128667137183, -126.67299831645795), (-9352250.0, 6099950.0), (29000, 86887), 712.6745400251085, 18389875.764080852, 209.67720471005563]
[(37.31253801487584, -116.63825301296957), (-10140950.0, 4486850.0), (45131, 79000), 844.2185735933556, 9711010.28664877, 4734.006621866341]
[(33.333218886057814, -106.56290419620514), (-9553950.0, 4031450.0), (49685, 84870), 383.76034188018957, 27088651.375552893, 99832.01407019037]
[(25.391760018353192, -102.45902565444224), (-9643250.0, 3099950.0), (59000, 83977), 198.56736892047493, 90277398.08373722, 78445.6241222398]
[(16.97231452344774, -94.35266528386924), (-9199750.0, 2086750.0), (69132, 88412), 236.93459012984997, 4743476.5229767505, 644892.5080148368]
[(1.380213580653751, -91.81744315885042), (-9200550.0, 170650.0), (88293, 88404), 32.984845004941285, 0.0, 0.0]
[(-0.85366662771781, -91.2135772942447), (-9141050.0, -105550.0), (91055, 88999), 237.12443990445186, 8.73481772840023, 5.874705538153648]
[(-26.472269127897647, -105.36031483036733), (-9860050.0, -3228250.0), (122282, 81809), 24.758836806279895, 0.0, 0.0]
[(68.81605013061316, -156.31972119400976), (-8231350.0, 7674750.0), (13252, 98096), 1034.4486454145513, 161001.48338862607, 447.4532448835671]
[(62.36759835528873, -139.63755119183494), (-8631850.0, 7099950.0), (19000, 94091), 1159.9107724303624, 2775924.5309052975, 67.28675026632845]
[(52.18128667137183, -118.18456312226144), (-8725550.0, 6099950.0), (29000, 93154), 417.4218489729545, 5403046.663752284, 8957.088712778641]
[(41.35197700441427, -108.03905037783257), (-9059750.0, 4939950.0), (40600, 89812), 318.1980515339464, 16536037.830653157, 62846.15091737396]
[(26.981421994477046, -97.57508791771161), (-9106150.0, 3288550.0), (57114, 89348), 204.215572373901, 33735026.840454884, 423346.4201822539]
[(18.081712779596995, -89.87779253829635), (-8730350.0, 2221450.0), (67785, 93106), 348.919761549844, 9775237.942754295, 208661.66816611687]
[(11.397278288323779, -85.19184670465316), (-8433850.0, 1405650.0), (75943, 96071), 259.53805116013336, 56625849.63061944, 3303933.4465382514]
[(7.488872805576556, -81.79744960249126), (-8154750.0, 924950.0), (80750, 98862), 102.1077861869505, 744215.6785845193, 35403.291419998044]
[(-0.928885532153829, -91.21372857881492), (-9140950.0, -114850.0), (91148, 89000), 171.05846953600397, 41653.20114497561, 29492.215598636307]
[(62.36867391368265, -115.52350994446746), (-7141050.0, 7100050.0), (18999, 108999), 1616.6186934462933, 16930.69370217881, 0.0]
[(62.36759835528873, -118.31786552587467), (-7313950.0, 7099950.0), (19000, 107270), 1466.8674105044395, 791399.9633673548, 0.0]
[(42.801327064826445, -86.38589078512287), (-7141050.0, 5100050.0), (38999, 108999), 996.1375407040937, 15581750.283983503, 148457.68049481]
[(42.80041788714848, -87.08067083358091), (-7198550.0, 5099950.0), (39000, 108424), 574.222953215909, 59990853.81509946, 664059.4922341913]
[(25.39260074096161, -80.87373158392239), (-7611650.0, 3100050.0), (58999, 104293), 275.2180953353177, 38474377.10701925, 4768040.094269452]
[(24.495118334896315, -77.96744666195633), (-7371350.0, 2993150.0), (60068, 106696), 189.66285877841239, 15777053.466172682, 330232.34157840814]
[(9.354373695025437, -72.08127209745254), (-7164750.0, 1154650.0), (78453, 108762), 196.7587355112855, 13220616.790039895, 327245.8410122767]
[(0.8091825978687809, -73.60208642060242), (-7376150.0, 100050.0), (88999, 106648), 752.4493338424853, 46252943.03730822, 8192.607252825983]
[(0.8083737990871553, -73.43543831455528), (-7359450.0, 99950.0), (89000, 106815), 763.3564043092846, 27223781.685844913, 1726.853046676144]
[(-10.932081092170703, -72.06169685604921), (-7141050.0, -1348550.0), (103485, 108999), 721.3910174101144, 23620167.063688613, 13683.503494115546]
[(-16.16100982202477, -73.35909737697892), (-7171450.0, -1988050.0), (109880, 108695), 186.25251676151922, 62391.20034699049, 49397.72420880385]
[(-26.3137037800423, -80.08261907191185), (-7500850.0, -3209450.0), (122094, 105401), 26.076809620810597, 26.01190724223852, 26.01190724223852]
[(-33.74231205975044, -80.80461822100467), (-7223250.0, -4078650.0), (130786, 108177), 51.62363799656123, 33.61924934387207, 33.61924934387207]
[(65.77718861020048, -113.77609575971812), (-6501550.0, 7410250.0), (15897, 115394), 3059.531009811798, 29623.839419718286, 0.0]
[(52.18225833054856, -83.17955187599989), (-6141050.0, 6100050.0), (28999, 118999), 3526.769059635178, 71581.61380634224, 0.0]
[(52.18128667137183, -85.11393384166439), (-6283950.0, 6099950.0), (29000, 117570), 1183.953124072064, 20524366.791875012, 0.0]
[(42.311090891871224, -80.91892000438992), (-6722150.0, 5046050.0), (39539, 113188), 383.3131878764413, 83367702.80299644, 1147287.8543951574]
[(33.14624876882388, -79.3110517129994), (-7120150.0, 4009850.0), (49901, 109208), 66.48308055437865, 455180.88085310225, 415185.6459214571]
[(21.051246646922856, -73.4585984528395), (-7054550.0, 2580350.0), (64196, 109864), 145.2618325645109, 26676702.936269693, 603.3461656251457]
[(10.025289982579295, -62.68861612447643), (-6223450.0, 1237150.0), (77628, 118175), 266.5576860643865, 25262402.262591504, 1533356.2246776274]
[(0.8091825978687809, -61.27777943957762), (-6141050.0, 100050.0), (88999, 118999), 957.0256004935292, 5657062.046933403, 134.5516170343808]
[(-0.9830758728622745, -68.2746287140227), (-6842050.0, -121550.0), (91215, 111989), 812.473384179445, 1136481.5199274095, 1104.7216754061983]
[(-11.060776219697122, -72.08011155716257), (-7140950.0, -1364350.0), (103643, 109000), 973.4521046255949, 5276459.153052077, 90.98374773189425]
[(-23.714639090163697, -69.1825158318083), (-6565550.0, -2899950.0), (118999, 114754), 392.9592854228031, 15165726.196122196, 15170.83989816159]
[(-23.715475551983353, -69.03737690757482), (-6551750.0, -2900050.0), (119000, 114892), 536.674948176268, 4162431.2504122388, 2610.4501848760992]
[(-36.691580023942464, -70.31563357418568), (-6144750.0, -4416350.0), (134163, 118962), 215.45533179756774, 18122855.14588122, 18702.67635838827]
[(-42.235866555769654, -74.04417721442998), (-6155650.0, -5037750.0), (140377, 118853), 108.90362712049586, 114222.53960328549, 80332.32585896552]
[(62.36867391368265, -95.96990557677955), (-5932350.0, 7100050.0), (18999, 121086), 1994.216638181519, 8547.897626377577, 0.0]
[(52.18225833054856, -71.15444116113636), (-5253250.0, 6100050.0), (28999, 127877), 3798.803100977991, 20054.22763788925, 0.0]
[(52.18128667137183, -71.53541735501689), (-5281450.0, 6099950.0), (29000, 127595), 1825.8504867595266, 16088369.03544758, 0.0]
[(42.392697386510164, -72.3287044322296), (-6003650.0, 5055050.0), (39449, 120373), 60.03332407921454, 12292240.618974298, 7811907.219306699]
[(32.32310517384389, -64.80529528483197), (-5851450.0, 3914550.0), (50854, 121895), 19.697715603592208, 62806.0000082273, 62806.0000082273]
[(17.95227204773759, -62.89311966022091), (-6111950.0, 2205750.0), (67942, 119290), 39.21734310225516, 238173.06682434352, 186171.10149035952]
[(9.078833647681657, -61.75153581686785), (-6140950.0, 1120750.0), (78792, 119000), 372.2002149381432, 3119512.8440126227, 11494.806930141523]
[(0.8091825978687809, -57.48399633360594), (-5760850.0, 100050.0), (88999, 122801), 1224.9220383355016, 2750716.6083705802, 14.538219809532166]
[(-0.010109598861925364, -54.86628375899409), (-5498850.0, -1250.0), (90012, 125421), 982.4891856911199, 5461317.353876239, 385.8170632664114]
[(-7.286845548956396, -53.488898773639626), (-5334050.0, -900050.0), (99000, 127069), 861.6223070464227, 2475626.408445506, 559.884553944983]
[(-19.195446041603493, -61.391291438940286), (-5939150.0, -2356350.0), (113563, 121018), 775.1264412984503, 7601010.731231556, 911.1294379550964]
[(-30.507056902861816, -62.59254761994), (-5720150.0, -3703150.0), (127031, 123208), 365.60361048545457, 19264364.34776956, 219722.43807737972]
[(-36.43494213240962, -68.96636514530164), (-6039350.0, -4387150.0), (133871, 120016), 266.54267950930483, 25611795.50404279, 12163.456285618478]
[(-48.53543653790565, -73.25680378303683), (-5677450.0, -5719250.0), (147192, 123635), 402.1989557420556, 2118755.673816715, 5898.165919614956]
[(-52.949406043442515, -72.19541221785542), (-5271450.0, -6178750.0), (151787, 127695), 270.8228203087768, 392668.32039660914, 1959.5636666649953]
[(63.95433018418006, -69.38007247580468), (-4141050.0, 7246050.0), (17539, 138999), 1673.530698851981, 11792.106046305498, 0.0]
[(52.18225833054856, -69.63335540614742), (-5140950.0, 6100050.0), (28999, 129000), 2360.039194589785, 40149.0484314217, 0.0]
[(52.18128667137183, -62.62709786048516), (-4623750.0, 6099950.0), (29000, 134172), 1963.3125069636774, 1125922.0499658945, 0.0]
[(1.91165884830109, -51.31285618545923), (-5140950.0, 236350.0), (87636, 129000), 323.83946640272245, 88733.7295960947, 50613.99483907735]
[(-4.6835518908204845, -51.4011889540029), (-5140950.0, -578850.0), (95788, 129000), 356.2611401766968, 19498382.097255684, 48203.54290108383]
[(-7.460473256856347, -51.565004639125334), (-5140950.0, -921450.0), (99214, 129000), 587.4393585724403, 5827680.471389418, 12705.102070095483]
[(-18.14438505336349, -52.937112155210855), (-5140950.0, -2229050.0), (112290, 129000), 148.60686390607938, 78479855.75101782, 127955.37281691417]
[(-26.901149685862595, -54.019246210328106), (-5043550.0, -3279050.0), (122790, 129974), 128.37834708392222, 33017162.471573267, 1483194.0925686047]
[(-32.674296480534316, -52.84626498769642), (-4760050.0, -3955250.0), (129552, 132809), 191.2066944434739, 4982412.214535219, 103963.35710074546]
[(-48.090353150211776, -65.97074648795848), (-5140950.0, -5672050.0), (146720, 129000), 55.0, 16.7267654677853, 16.7267654677853]
[(-54.731183160083376, -66.46090865571128), (-4723650.0, -6359550.0), (153595, 133173), 220.32702966272657, 191537.27285257023, 6373.575097271241]
[(69.87041104593413, -73.6091439728609), (-3755750.0, 7763650.0), (12363, 142852), 1735.5852039009783, 15736.603167560883, 0.0]
[(62.36759835528873, -66.98820271527296), (-4140950.0, 7099950.0), (19000, 139000), 480.09374084651427, 2333.9617491809913, 0.0]
[(52.18128667137183, -56.00511610455303), (-4134850.0, 6099950.0), (29000, 139061), 166.35203635663737, 134730.95177612486, 1072.781702792272]
[(-4.98563463625873, -41.136166843148224), (-4113150.0, -616150.0), (96161, 139278), 79.40403012442127, 17307743.004746128, 502560.48440553306]
[(-10.475302641554775, -41.74825275812564), (-4140950.0, -1292450.0), (102924, 139000), 174.9771413642365, 30194374.283607915, 98291.05486513313]
[(-16.05753182778645, -40.911779643682685), (-4000750.0, -1975450.0), (109754, 140402), 75.39230729988306, 23975479.331091225, 458810.5600359375]
[(70.37626916453198, -42.630347504182716), (-2141050.0, 7805750.0), (11942, 158999), 3624.1679044989073, 46575.00829593082, 0.0]
[(62.36759835528873, -45.15085262764887), (-2791050.0, 7099950.0), (19000, 152499), 1410.0797849767225, 8065.055578747517, 0.0]
[(38.48219594052742, -28.422593628738962), (-2446750.0, 4619050.0), (43809, 155942), 57.3149195236284, 217933.99851196876, 36810.238453450394]
[(17.08174015553171, -25.34610874945095), (-2470450.0, 2100050.0), (68999, 155705), 27.51363298439521, 52580.95411889581, 52580.95411889581]
[(16.83330500754068, -22.92145807545729), (-2235950.0, 2069850.0), (69301, 158050), 53.85164807134504, 586259.0458031376, 65586.6149157947]
[(-20.51683792094426, -29.31837712287103), (-2821750.0, -2515950.0), (115159, 152192), 43.139309220245984, 0.0, 0.0]
[(74.04865437581643, -48.54898715282167), (-2140950.0, 8099950.0), (9000, 159000), 6142.990232777519, 339432.3081986918, 0.0]
[(25.39260074096161, -13.301960581016157), (-1251950.0, 3100050.0), (58999, 167890), 978.4359968848244, 2795601.984311468, 275.9072209224105]
[(24.881848133775605, -13.130787373394446), (-1239050.0, 3039250.0), (59607, 168019), 798.7095842670226, 2913163.189822563, 255.77677244553342]
[(12.899200239094109, -13.174849698721673), (-1299750.0, 1589750.0), (74102, 167412), 105.11898020814318, 39270376.02226201, 1236683.199561927]
[(7.6738930436457125, -12.664547843678946), (-1262250.0, 947750.0), (80522, 167787), 45.221676218380054, 6303436.472812342, 4341100.810802891]
[(-7.948234377486003, -14.316816938936242), (-1426350.0, -981550.0), (99815, 166146), 46.400431032480725, 978.5509084053338, 978.5509084053338]
[(74.04735950020232, -23.358867605673606), (-1030150.0, 8099850.0), (9001, 170108), 477.0010482168776, 52185.879316146165, 0.0]
[(58.35849083248589, -6.359142044067833), (-425250.0, 6718550.0), (22814, 176157), 69.63476143421474, 24207226.11289889, 42472.25974215321]
[(42.98872421100934, -4.8280653053680895), (-398350.0, 5120650.0), (38793, 176426), 49.49747468305833, 16214748.217426553, 1338655.517227587]
[(33.92803267906336, -1.8511132276853548), (-165250.0, 4100050.0), (48999, 178757), 155.7080601638849, 47213778.79436836, 1095740.118817727]
[(25.39260074096161, -1.4986553296476126), (-141050.0, 3100050.0), (58999, 178999), 1160.41070315643, 26041962.276017234, 2.273396849632263]
[(19.778627286557036, -1.4612470325709912), (-141050.0, 2426850.0), (65731, 178999), 1902.6121517534782, 141010.39302405436, 0.0]
[(17.08091731518397, -5.162160664933054), (-503150.0, 2099950.0), (69000, 175378), 510.1607589770111, 56872995.187539354, 42233.641464357264]
[(8.909810993126841, -3.555172584555593), (-353650.0, 1099950.0), (79000, 176873), 374.0975808529106, 56071537.25317086, 493899.3299417421]
[(-15.906457950475687, -5.683528601157157), (-556050.0, -1957050.0), (109570, 174849), 31.144823004794873, 3562.9133486757055, 3562.9133486757055]
[(-40.310268163235435, -9.951563353616892), (-842750.0, -4824050.0), (138240, 171982), 66.46803743153546, 353.535736951977, 0.0]
[(64.80252599111653, 14.678818153421435), (858950.0, 7322950.0), (16770, 188999), 261.6295090390226, 948488.1463761507, 7126.322432094254]
[(58.8049313468187, 12.949404134564439), (858950.0, 6761850.0), (22381, 188999), 225.07776433935007, 48706339.37313529, 616113.2198510119]
[(46.152934358591565, 10.57444903015284), (843150.0, 5464850.0), (35351, 188841), 95.75489543621255, 184994335.07824907, 4620878.985336927]
[(33.92803267906336, 5.519733996623048), (492750.0, 4100050.0), (48999, 185337), 164.9151296879701, 66804998.7561547, 842152.2169904821]
[(25.39260074096161, 6.149214973651583), (578750.0, 3100050.0), (58999, 186197), 850.2999470775004, 5050854.931985885, 287.03600694797933]
[(18.901260851398465, -1.4553623704259557), (-140950.0, 2320750.0), (66792, 179000), 1203.756204553065, 797272.0279242545, 0.0]
[(17.08091731518397, 3.872518221164625), (377450.0, 2099950.0), (69000, 184184), 663.4711749578877, 117686263.3862974, 7308.61404710263]
[(5.56970704859429, 8.595467159983768), (858950.0, 688250.0), (83117, 188999), 231.19256043393784, 174363869.9192505, 12959389.011910457]
[(0.19693513401241705, 6.554922594249761), (656950.0, 24350.0), (89756, 186979), 89.67719888578144, 257756.72034400702, 256561.09505032748]
[(68.60122799677329, 35.08444725329695), (1858950.0, 7656450.0), (13435, 198999), 505.6530431036681, 3292816.5795817403, 149082.84183692792]
[(59.06778732766547, 13.630470401387644), (899750.0, 6787250.0), (22127, 189407), 210.95260131128984, 44083908.08307551, 692960.325405342]
[(43.08250264942029, 19.51578861016158), (1608650.0, 5130950.0), (38690, 196496), 93.13431161500041, 110618909.68535846, 978722.9008704171]
[(37.96640302542768, 14.515952141467038), (1255150.0, 4560850.0), (44391, 192961), 80.02499609497022, 40576090.60037638, 2936885.7790164026]
[(26.322979266693864, 19.848014903975315), (1858950.0, 3210550.0), (57894, 198999), 1152.331983414502, 7358368.288925672, 0.5783845582045615]
[(24.60832179219889, 19.673292507517363), (1858950.0, 3006650.0), (59933, 198999), 1733.430413948019, 672776.8943016101, 0.0]
[(17.08091731518397, 14.36509839015406), (1400150.0, 2099950.0), (69000, 194411), 1062.188307222406, 74668384.88533302, 101.02879092097282]
[(2.3905793185868256, 14.60682328682144), (1463150.0, 295550.0), (87044, 195041), 443.9909908995902, 49685977.78586409, 84869.30877999775]
[(-0.11524945657435376, 12.699227861557493), (1272750.0, -14250.0), (90142, 193137), 381.4144727196387, 38720462.75566032, 108404.7620929312]
[(-13.737701788212178, 18.067825302620612), (1778650.0, -1692350.0), (106923, 198196), 625.0887936925442, 33990809.47961745, 16321.05263020005]
[(-16.210292316562796, 18.254491658695365), (1784250.0, -1994050.0), (109940, 198252), 519.1579721048305, 4948218.751419358, 6408.032480956055]
[(-25.100162850877815, 15.334986301815752), (1445450.0, -3065250.0), (120652, 194864), 439.24594477354026, 444963.20590266545, 1732.546954755322]
[(-32.330865493708615, 19.913508278931147), (1797950.0, -3915450.0), (129154, 198389), 77.79460135510689, 7529533.379360114, 118726.69077535212]
[(65.79854631271714, 50.057829515899016), (2858950.0, 7412150.0), (15878, 208999), 1122.380060407347, 840599.0828575254, 421.0468701198697]
[(60.716614594766206, 31.652129594462387), (2024250.0, 6944950.0), (20550, 200652), 497.98092332939825, 48882218.92755138, 6455422.712114764]
[(44.90513346062914, 29.40417795415451), (2377450.0, 5329950.0), (36700, 204184), 132.90974381135493, 52950531.14760007, 914172.2083411724]
[(38.84549745364897, 33.316389989489984), (2858950.0, 4659950.0), (43400, 208999), 128.22636234409833, 66829695.13619687, 506369.58963908907]
[(27.049036570514808, 26.363578812533977), (2459450.0, 3296550.0), (57034, 205004), 1266.0351495910372, 54374898.38543092, 35.36892667040229]
[(21.546474966379982, 23.284491860066208), (2231450.0, 2639950.0), (63600, 202724), 1392.053519086102, 332412.631192232, 0.0]
[(17.08091731518397, 19.0732679800135), (1859050.0, 2099950.0), (69000, 199000), 1172.1373639637975, 25090488.904261034, 0.0]
[(7.088097748697201, 26.593119532689546), (2652650.0, 875550.0), (81244, 206936), 772.4901293867773, 13207386.322920265, 1160.4147701635957]
[(-3.0969457759091017, 20.762003547131606), (2078950.0, -382850.0), (93828, 201199), 407.265269818088, 38999943.773381084, 216372.39925466105]
[(-14.578170348381013, 20.81642555544064), (2044550.0, -1795050.0), (107950, 200855), 467.3157390886808, 44341284.881955534, 201048.23812049255]
[(-22.89503821342585, 23.388968263084266), (2228150.0, -2801850.0), (118018, 202691), 625.6932155617479, 11717371.774988156, 10676.265899034683]
[(-24.714013471849764, 22.265121699192584), (2102750.0, -3019250.0), (120192, 201437), 459.7401439944091, 48164266.28079002, 28524.010051100282]
[(-33.632166377649476, 23.845067240939553), (2133250.0, -4065950.0), (130659, 201742), 93.64827814754524, 4388649.721490849, 410391.1591626598]
[(65.95949501184006, 62.92813474137346), (3579550.0, 7426450.0), (15735, 216205), 891.652398639739, 598773.98777558, 7830.08234112896]
[(62.36759835528873, 59.168234545514096), (3657550.0, 7099950.0), (19000, 216985), 581.4851674806504, 24025943.703476798, 536.1028221221641]
[(47.769685310618534, 49.32660781329861), (3858950.0, 5637950.0), (33620, 218999), 297.5315109362368, 32918945.675125435, 6973.8038884382695]
[(33.92803267906336, 39.0324446971754), (3484450.0, 4100050.0), (48999, 215254), 556.6129714622181, 77242679.20992832, 72768.51819409523]
[(25.39260074096161, 33.50113567632333), (3153050.0, 3100050.0), (58999, 211940), 680.1441023783121, 112847226.50872935, 11703719.734490952]
[(22.3180246362, 34.32156438237278), (3278150.0, 2732650.0), (62673, 213191), 776.9588148673004, 19404028.47879237, 32202.761070162058]
[(15.615926426485116, 29.19723549044229), (2859050.0, 1921650.0), (70783, 209000), 597.6788435271906, 82347133.9383434, 63973.01768413186]
[(6.7863880129595655, 32.07620224805927), (3200850.0, 838350.0), (81616, 212418), 585.4921007152872, 98116681.81641674, 298921.23760990426]
[(-0.9733701159631517, 33.10770495825043), (3317850.0, -120350.0), (91203, 213588), 780.6977648232381, 171416478.8579507, 1059486.8253734168]
[(-8.542614101709926, 38.06342073819652), (3788650.0, -1054750.0), (100547, 218296), 488.77909120583297, 51009342.40782628, 47424.38423385937]
[(-15.438730358523088, 30.044205966568494), (2943550.0, -1900050.0), (109000, 209845), 260.0, 41580079.8071377, 220241.12726122886]
[(-23.715475551983353, 31.896759151077866), (3027050.0, -2900050.0), (119000, 210680), 135.32922818075923, 14803959.717399199, 381448.7400834888]
[(-46.89881732615822, 37.76836000864242), (2985550.0, -5544950.0), (145449, 210265), 104.12012293500234, 0.0, 0.0]
[(74.04865437581643, 100.66610206598173), (4439250.0, 8099950.0), (9000, 224802), 2348.591067001661, 675474.8544193506, 0.0]
[(58.213557434353824, 72.47112083553453), (4858950.0, 6704450.0), (22955, 228999), 538.7439094783346, 15488044.391057596, 12974.617865290027]
[(44.72284186508152, 59.97605146831943), (4858950.0, 5310150.0), (36898, 228999), 721.6924552744057, 5737053.951738978, 874.1582250059582]
[(42.80041788714848, 55.512407974072715), (4588950.0, 5099950.0), (39000, 226299), 800.6922005365108, 65591999.11014488, 286.81267900392413]
[(29.96494597497816, 45.40245307359584), (4163450.0, 3639750.0), (53602, 222044), 546.5757038142109, 66405019.587580204, 10948.600916430354]
[(20.48864370691447, 50.4794191401668), (4858950.0, 2512550.0), (64874, 228999), 1658.2689769756896, 20583767.25614855, 0.0]
[(16.5019772167018, 46.690408937474125), (4559450.0, 2029550.0), (69704, 226004), 564.0008865241259, 75977551.05155376, 25375.356618167832]
[(1.4530112198011111, 41.67595038367048), (4176050.0, 179650.0), (88203, 222170), 339.418620585259, 48231153.99607859, 465239.8965245746]
[(-2.56290860329247, 38.528507261473735), (3859050.0, -316850.0), (93168, 219000), 562.7157364069358, 24987639.944169335, 12246.288909226656]
[(-11.799977757885957, 39.01570567583139), (3859050.0, -1455050.0), (104550, 219000), 238.0273093575609, 10399394.093451431, 424865.2399736787]
[(-16.838239587940915, 48.844779720880844), (4764650.0, -2070450.0), (110704, 228056), 114.0175425099138, 29329316.870513983, 1579724.0410206392]
[(-24.27050297223393, 43.90417855215783), (4155450.0, -2966350.0), (119663, 221964), 135.80132547217644, 3177014.559129307, 575304.1318628229]
[(67.48707527779129, 107.19153219650532), (5858950.0, 7560550.0), (14394, 238999), 2432.4409550901746, 25170.226881277747, 0.0]
[(62.36759835528873, 94.78031135334851), (5858950.0, 7099950.0), (19000, 238999), 1433.4531732847083, 4668197.338770194, 0.0]
[(42.801327064826445, 65.81237786219718), (5440350.0, 5100050.0), (38999, 234813), 1045.380313570138, 5277291.879656654, 13905.6093651962]
[(42.80041788714848, 65.12708275976291), (5383750.0, 5099950.0), (39000, 234247), 711.5848508786567, 57977951.826708555, 13576.256181475706]
[(30.098231394164426, 59.05798828531496), (5411150.0, 3655350.0), (53446, 234521), 803.5178902799862, 21975223.13430259, 13840.47666214779]
[(20.00964156166561, 50.38417352707911), (4859050.0, 2454750.0), (65452, 229000), 1369.1953841581558, 14021841.036652865, 0.0]
[(15.340313110731378, 49.58082663030848), (4859050.0, 1888050.0), (71119, 229000), 383.2623122614589, 1873044.2378583006, 267567.5093392078]
[(8.590536866104546, 49.89628271752624), (4966050.0, 1060650.0), (79393, 230070), 208.08652046684813, 186970.09319753945, 86986.44331242889]
[(-5.436023989973654, 53.344138888175), (5331450.0, -671750.0), (96717, 233724), 45.221676218380054, 111247.56437556073, 149.37815567851067]
[(-15.437910141282467, 50.20147907470534), (4918450.0, -1899950.0), (108999, 229594), 151.47607071745688, 1814122.7478197846, 521657.44733153004]
[(-15.438730358523088, 50.16587797570478), (4914950.0, -1900050.0), (109000, 229559), 179.2930561957155, 2502492.0416687103, 157362.11299841665]
[(66.79028989950879, 105.22114150146813), (5859050.0, 7499750.0), (15002, 239000), 1864.0775198472836, 41171.817279386334, 0.0]
[(62.36759835528873, 110.95732453034242), (6858950.0, 7099950.0), (19000, 248999), 1046.973256582994, 9714986.233603738, 0.0]
[(52.18128667137183, 91.07358197545481), (6723950.0, 6099950.0), (29000, 247649), 856.650453802483, 14706182.989040993, 9564.479234151542]
[(38.84905394643329, 79.93235104320681), (6858950.0, 4660350.0), (43396, 248999), 1371.5002734232319, 103447372.2147872, 0.0]
[(30.449713968636427, 65.28673715919871), (5968550.0, 3696450.0), (53035, 240095), 709.3215067936401, 251518875.65695834, 452465.7019846849]
[(24.141501273128085, 70.30429923704423), (6658350.0, 2950950.0), (60490, 246993), 250.7309314783479, 62619653.50693111, 1948153.2734520957]
[(-19.732274257653856, 63.305002864639654), (6111750.0, -2421250.0), (114212, 241527), 32.64965543462902, 41074.60592135787, 41074.60592135787]
[(64.63855008134658, 116.76116729983765), (6859050.0, 7308150.0), (16918, 249000), 1346.7011546738943, 188115.4593886882, 0.6567384600639343]
[(58.06063417940087, 110.66084052417112), (7439750.0, 6689550.0), (23104, 254807), 1157.9762519153837, 2244277.5211416837, 24.210565872490406]
[(50.96018440502525, 96.67151849960571), (7259450.0, 5973650.0), (30263, 253004), 743.8978424488137, 10181696.234833624, 17718.58422362303]
[(33.92803267906336, 85.869810068419), (7665650.0, 4100050.0), (48999, 257066), 4298.820535914473, 5725235.553187265, 0.0]
[(33.92716447149779, 82.65322089978393), (7378550.0, 4099950.0), (49000, 254195), 1369.0131482202792, 393608454.15813404, 0.0]
[(19.59655553255134, 80.7799819560235), (7802950.0, 2404850.0), (65951, 258439), 106.02358228243375, 361842189.7390248, 2387183.8580144616]
[(15.745579078916087, 78.80031048776478), (7713250.0, 1937450.0), (70625, 257542), 127.88275880665071, 212047921.68309566, 7484634.454121916]
[(8.754629049289253, 77.2271559759722), (7684150.0, 1080850.0), (79191, 257251), 90.55385138137417, 13189027.46511106, 12714688.233555442]
[(0.2883262252252393, 73.40755644825481), (7357050.0, 35650.0), (89643, 253980), 45.39823785126467, 48947.24247495917, 28699.45883761945]
[(66.67067345784157, 158.5993989210196), (8858950.0, 7489250.0), (15107, 268999), 1173.9697611097145, 103028.83052173443, 135.884325068444]
[(57.771857924337176, 129.88161952488952), (8776750.0, 6661350.0), (23386, 268177), 1306.3096876315356, 702864.7515507215, 0.0]
[(50.49059003234142, 111.9143310279693), (8457450.0, 5924750.0), (30752, 264984), 666.2739676739592, 4570643.9774805475, 15562.260588795412]
[(33.92803267906336, 88.03625665380083), (7859050.0, 4100050.0), (48999, 259000), 3556.065381851127, 4404172.427917093, 0.0]
[(33.92716447149779, 89.47065118616925), (7987150.0, 4099950.0), (49000, 260281), 855.2105004032633, 197566172.89348155, 1484.4211350658597]
[(21.917485729419337, 89.72253585582058), (8584750.0, 2684550.0), (63154, 266257), 133.80956617521784, 437308292.7428937, 11018406.298075302]
[(13.54391362074727, 79.79307421332796), (7859050.0, 1668650.0), (73313, 259000), 87.32124598286491, 42972830.08670672, 15305633.548972784]
[(6.632317084410869, 81.63790641213916), (8148150.0, 819350.0), (81806, 261891), 105.89145385724005, 21418676.06741386, 4003157.125949723]
[(66.216864926359, 158.3902722979276), (8951250.0, 7449250.0), (15507, 269922), 1130.0995531368021, 27450.257103590295, 17.276249365881085]
[(57.18663808300079, 129.7706015385969), (8859050.0, 6603950.0), (23960, 269000), 1147.529956036007, 300472.5802450023, 0.0]
[(52.18128667137183, 133.5360749287116), (9858950.0, 6099950.0), (29000, 278999), 561.4712815451918, 14518464.39889006, 1479.6987481722608]
[(38.79126918948864, 104.47803046238234), (8969750.0, 4653850.0), (43461, 270107), 619.4271547163556, 117376333.3801076, 382392.63613335334]
[(33.23971497721079, 100.00574026156926), (8972050.0, 4020650.0), (49793, 270130), 352.05255289516083, 135705537.10207045, 129258.66474928847]
[(20.463768099088583, 93.78987515629603), (9028750.0, 2509550.0), (64904, 270697), 322.5523213371747, 77772772.0081532, 2012977.8787440537]
[(13.608502928162256, 98.77755388691693), (9727250.0, 1676550.0), (73234, 277682), 252.62026838715852, 27080616.07604163, 1501362.4554390889]
[(3.7978266355582266, 97.13306697621663), (9721750.0, 469450.0), (85305, 277627), 241.23225323326895, 8376160.183331331, 1240214.10714514]
[(-0.5341941681149848, 98.37301360543725), (9858950.0, -66050.0), (90660, 278999), 55.94640292279746, 200536.0411042273, 15208.056842565536]
[(-12.079717470326791, 96.84096043510537), (9572450.0, -1489350.0), (104893, 276134), 34.92849839314596, 495.24711812334135, 495.24711812334135]
[(62.36867391368265, 172.5617314052055), (10666850.0, 7100050.0), (18999, 287078), 1387.6771958924742, 20225.54260365572, 0.0]
[(62.36759835528873, 175.6653772383181), (10858950.0, 7099950.0), (19000, 288999), 1417.019407065408, 149324.9455494061, 0.0]
[(48.20996973381097, 138.23520753357658), (10756550.0, 5684750.0), (33152, 287975), 773.2173045140673, 58438213.364496335, 63197.44242537441]
[(42.05655060537078, 127.86054370117665), (10648550.0, 5017950.0), (39820, 286895), 152.8397853963424, 360624025.8935207, 2136461.215047056]
[(29.24670272442504, 112.89963802024474), (10398950.0, 3555550.0), (54444, 284399), 109.65856099730654, 328847994.5582689, 14866912.019704241]
[(19.28059867658912, 101.94288818350643), (9859050.0, 2366650.0), (66333, 279000), 199.83242980057065, 188997009.01667118, 442929.370158328]
[(14.345633119767715, 107.09881850762059), (10525850.0, 1766650.0), (72333, 285668), 294.4163718273833, 128726760.20659818, 1703624.3958470805]
[(4.574231480082478, 102.25021966858405), (10227650.0, 565350.0), (84346, 282686), 239.1693960355296, 60154929.78742394, 1195150.2109506777]
[(0.48890247320105734, 102.52842157504134), (10275450.0, 60450.0), (89395, 283164), 247.19425559668656, 114874227.42425707, 1580639.4560092501]
[(-10.531469826595142, 105.64850958503771), (10477950.0, -1299350.0), (102993, 285189), 47.53945729601885, 6313133.638812013, 4150.153728648322]
[(-23.714639090163697, 113.91714624546125), (10810950.0, -2899950.0), (118999, 288519), 244.12496799794977, 245.7940633542603, 242.78217831451911]
[(-26.57943198417349, 115.02258824271105), (10758050.0, -3240950.0), (122409, 287990), 468.6704599182671, 2054669.6203080788, 181.16926288063405]
[(-32.72438567606994, 120.59863264216041), (10858950.0, -3961050.0), (129610, 288999), 589.313159534046, 677069.696989304, 395.933787806076]
[(62.36867391368265, 175.67102466198523), (10859050.0, 7100050.0), (18999, 289000), 471.008492492439, 1030.3986135842279, 1028.4045422039926]
[(56.438121886589464, 157.75956848346073), (10907350.0, 6530050.0), (24699, 289483), 712.8323786136542, 276814.12180396635, 404.2427773149684]
[(46.635787689987374, 136.94981047171242), (10859050.0, 5516750.0), (34832, 289000), 860.4888145699513, 5335996.783244885, 192.59115671925247]
[(40.935996847952445, 128.98262490084062), (10859050.0, 4893750.0), (41062, 289000), 106.25441167311595, 63277769.330901764, 1528718.414114153]
[(31.243389779124495, 120.10215284917476), (10923450.0, 3789050.0), (52109, 289644), 139.52060779684126, 169136823.2373364, 41327131.98641104]
[(23.63267570952949, 121.09436532129605), (11496550.0, 2890150.0), (61098, 295375), 141.15594213493105, 103034619.39883514, 8005141.227267274]
[(15.447752829917887, 120.15606883996085), (11771850.0, 1901150.0), (70988, 298128), 122.18837915284743, 18403673.046699125, 13421899.919306528]
[(1.951297106071444, 115.85197218360254), (11606850.0, 241250.0), (87587, 296478), 681.8482235805855, 10763185.319950268, 23990.138880933635]
[(-2.5305456365017474, 113.67782665752495), (11386250.0, -312850.0), (93128, 294272), 335.2148564726808, 42170910.13366038, 2159716.3487289585]
[(-8.333892497270233, 118.09419276221338), (11758450.0, -1029050.0), (100290, 297994), 118.86967653695369, 57391221.062236845, 1308418.8648137506]
[(-23.587520551986245, 124.88489392014277), (11858950.0, -2884750.0), (118847, 298999), 1822.697177262312, 137454.6099645588, 0.0]
[(-23.715475551983353, 122.37689717409047), (11613750.0, -2900050.0), (119000, 296547), 1706.8863465386323, 49784.72937448989, 0.0]
[(-32.838421401662835, 122.53553427326548), (11024550.0, -3974250.0), (129742, 290655), 543.7370688117558, 15686.582920358109, 1009.9065211791312]
[(-54.55451577180826, 158.88759576157776), (11323950.0, -6341750.0), (153417, 293649), 29.966648127543394, 0.0, 0.0]
[(52.86728874343161, 172.9965576673206), (12646750.0, 6170350.0), (28296, 306877), 103.40696301506973, 340.0562627140898, 26.886388381477445]
[(45.864347855342956, 149.921952685797), (11993250.0, 5433750.0), (35662, 300342), 149.78985279383915, 296065.0366325679, 5334.122107956093]
[(36.98376552413411, 139.0841765844859), (12125350.0, 4449550.0), (45504, 301663), 91.76055797563569, 92211825.16305307, 6517275.72522174]
[(33.92716447149779, 133.4266098515916), (11911150.0, 4099950.0), (49000, 299521), 64.28063471995279, 4448369.269982313, 1192287.0335122051]
[(18.25903153674299, 122.16408063298897), (11859050.0, 2242950.0), (67570, 299000), 145.13442045221387, 401098.13756316615, 14091.681124903262]
[(12.947388375973539, 121.12726689566115), (11948250.0, 1595650.0), (74043, 299892), 119.63277142990545, 77410690.84293404, 2781997.435909331]
[(0.8091825978687809, 122.1569222797771), (12242150.0, 100050.0), (88999, 302831), 190.20515240129538, 32570084.267552715, 300143.3823735863]
[(-3.3089699681211893, 121.71886913772325), (12186450.0, -409050.0), (94090, 302274), 299.2941696725815, 21822211.457100425, 1655601.9972234396]
[(-14.5789893062132, 130.9226921999432), (12858950.0, -1795150.0), (107951, 308999), 663.8192525077892, 7161535.20587334, 1098.2318038235535]
[(-21.335343546673112, 125.81148247213733), (12067850.0, -2614550.0), (116145, 301088), 1955.0432220286077, 73192.27192322149, 0.0]
[(-28.29425865746046, 131.8214008492917), (12210850.0, -3443550.0), (124435, 302518), 1751.1861694291672, 44133.447839790686, 0.0]
[(-34.77004195677186, 141.4130614768176), (12545250.0, -4196850.0), (131968, 305862), 320.8519907994962, 9322322.084580947, 36649.7802236537]
[(-42.30837135593606, 146.0109908785241), (12129850.0, -5045750.0), (140457, 301708), 244.62420158275427, 558804.1744624531, 291043.521899502]
[(-50.82652376940947, 166.041658201046), (12491350.0, -5959750.0), (149597, 305323), 80.23091673413684, 0.0, 0.0]
[(52.365069348006614, 175.92016691721616), (12954150.0, 6118850.0), (28811, 309951), 53.14132102234569, 0.0, 0.0]
[(51.95316235703709, 177.41430091832828), (13140850.0, 6076450.0), (29235, 311818), 91.13725912051558, 0.0, 0.0]
[(26.556646151396272, 142.17710083069102), (13299450.0, 3238250.0), (57617, 313404), 41.23105625617661, 1086.1124525628984, 1086.1124525628984]
[(24.745056385713625, 141.30042776871318), (13342550.0, 3022950.0), (59770, 313835), 30.364452901377952, 2170.57319573313, 2170.57319573313]
[(9.603162943605989, 138.13420280522809), (13724150.0, 1185250.0), (78147, 317651), 25.238858928247925, 9001.21370871074, 8923.338570133317]
[(1.1868994291696375, 128.32168022271142), (12859050.0, 146750.0), (88532, 309000), 237.69728648009425, 79603.55073766368, 20072.01179393381]
[(-2.647862892819737, 136.88096343886252), (13709550.0, -327350.0), (93273, 317505), 440.2646931108603, 7606471.709332731, 326293.0459192358]
[(-14.05263633898222, 134.9879329983126), (13277450.0, -1730850.0), (107308, 313184), 545.3897688809353, 371020.72617121885, 2616.167179699114]
[(-17.56746012226046, 132.14610722338793), (12859050.0, -2159050.0), (111590, 309000), 956.6655632978539, 50154.674081043006, 1.9675081763416529]
[(-25.332074390119914, 136.58488930994088), (12859050.0, -3092850.0), (120928, 309000), 1876.38722016539, 277392.96642341855, 0.0]
[(-36.698615717767474, 148.0955470793214), (12941050.0, -4417150.0), (134171, 309820), 265.6689669494727, 8375064.31889904, 142230.36854322313]
[(-45.93852897764218, 166.94532960148695), (13343850.0, -5441750.0), (144417, 313848), 247.29132617218906, 385444.96877568954, 88969.38408756781]
[(18.770758857543473, 145.66805090388), (14114550.0, 2304950.0), (66950, 321555), 50.24937810560445, 151.81636053696275, 0.0]
[(16.349951654874495, 145.67698592584435), (14232650.0, 2011050.0), (69889, 322736), 55.60575509783138, 233596.68179791237, 0.0]
[(8.152818447567391, 140.34874731441448), (13978250.0, 1006750.0), (79932, 320192), 32.0, 3273.301101793186, 0.0]
[(-7.286034265472855, 141.92609944133272), (14153250.0, -899950.0), (98999, 321942), 379.15827829548965, 12092191.656508744, 16065.387004032731]
[(-7.286845548956396, 142.14987842458677), (14175550.0, -900050.0), (99000, 322165), 496.6135318333563, 2302865.583604579, 37215.5656523034]
[(-16.682001624983904, 142.73337295681768), (13930250.0, -2051450.0), (110514, 319712), 604.7974867672649, 966189.4114537791, 49.823241703095846]
[(-25.645759729811317, 147.4451239200492), (13859050.0, -3130150.0), (121301, 319000), 200.42205467462907, 5343497.876653642, 1493.1823963573552]
[(-40.99176385771537, 172.39961565526065), (14506650.0, -4899950.0), (138999, 325476), 163.04907236779974, 159217.96931581647, 6074.0364828794845]
[(-40.99266347005041, 172.3428556448594), (14501750.0, -4900050.0), (139000, 325427), 229.01964981197574, 1401716.8166266265, 159844.37794324296]
[(8.9618147506218, 150.06281391784773), (14926150.0, 1106350.0), (78936, 329671), 17.46424919657298, 185.9612736531999, 185.9612736531999]
[(6.876406580377002, 158.2258001813784), (15787350.0, 849450.0), (81505, 338283), 49.39635614091387, 102647.00662367791, 45219.43849704682]
[(-5.846832992253646, 149.98132459488474), (14983250.0, -722450.0), (97224, 330242), 251.76576415390556, 1355508.637759394, 268026.197563868]
[(-8.045650431408898, 159.20577586718255), (15858950.0, -993550.0), (99935, 338999), 136.194713553794, 511875.5492269886, 8566.626196615398]
[(-21.130141616452295, 165.19259371980675), (15858950.0, -2589850.0), (115898, 338999), 97.62171889492625, 31109.65113995131, 29410.503272345755]
[(-29.118951261526103, 167.95271306982968), (15481750.0, -3540550.0), (125405, 335227), 25.942243542145693, 1854.3153147005942, 1854.3153147005942]
[(-35.86830148355368, 175.2664330102489), (15417350.0, -4322550.0), (133225, 334583), 212.08488866489287, 3548655.716895292, 151581.6020908817]
[(9.843075001644966, 160.86588535880855), (15975550.0, 1214750.0), (77852, 340165), 52.46903848937962, 3474.3068674548704, 0.0]
[(7.572452740984038, 168.91168572722432), (16837550.0, 935250.0), (80647, 348785), 37.36308338453881, 16559.677437471342, 1633.1480439454317]
[(-5.046381456999513, 159.37172945237623), (15934450.0, -623650.0), (96236, 339754), 34.058772731852805, 15956.734475891106, 2598.734439469874]
[(-10.529841737239305, 161.7081035262115), (16037850.0, -1299150.0), (102991, 340788), 129.80754985747168, 736626.9129685378, 84534.84295784682]
[(-21.882531907162104, 166.4564072926071), (15929150.0, -2680350.0), (116803, 339701), 120.81390648431164, 612685.1406508363, 270113.2517392535]
[(9.38851716574699, 170.0712208174898), (16903750.0, 1158850.0), (78411, 349447), 42.80186911806539, 1048.0890280921012, 692.4990948904306]
[(8.909810993126841, 170.89206444938094), (16999450.0, 1099950.0), (79000, 350404), 41.593268686170845, 152604.94562826864, 767.1151917222887]
[(-1.4238920587979884, 174.97214696973188), (17532850.0, -176050.0), (91760, 355738), 40.0, 14025.35954956367, 5289.607850210974]
[(-8.059451761310276, 178.37069924280152), (17767650.0, -995250.0), (99952, 358086), 36.22154055254967, 11983.152526882477, 10926.082364525646]
[(-18.109749318606134, 177.73220658679622), (17262450.0, -2224850.0), (112248, 353034), 94.82615672903758, 966235.0013963674, 804898.3861313876]
[(-9.396646753118253, 179.8532676995404), (17875750.0, -1159850.0), (101598, 359167), 42.720018726587654, 112.97116658091545, 112.97116658091545]
