[(27.782811633701964, -175.83476567743676), (-16336050.0, 3383250.0), (56167, 17049), 33.24154027718932, 0.0, 0.0]
[(-3.721739670382832, -170.70991140841105), (-17086750.0, -460050.0), (94600, 9542), 29.832867780352597, 0.0, 0.0]
[(-13.596238618524717, -172.4374611818673), (-16981550.0, -1675050.0), (106750, 10594), 122.53978945632312, 291692.72862995276, 234806.40401296038]
[(-19.736412712367454, -175.07492032181852), (-16902250.0, -2421750.0), (114217, 11387), 52.32590180780452, 114997.66479206352, 4289.067218622193]
[(-29.27140829707175, -177.90664737399047), (-16384150.0, -3558450.0), (125584, 16568), 56.568542494923804, 0.0, 0.0]
[(25.00106330228775, -167.99799762865862), (-15843150.0, 3053450.0), (59465, 21978), 22.02271554554524, 0.0, 0.0]
[(22.057333737179807, -159.5159987119642), (-15253350.0, 2701350.0), (62986, 27876), 115.0173899895142, 1213026.7619819816, 315198.2958312414]
[(1.832383377488014, -157.40064871585227), (-15770150.0, 226550.0), (87734, 22708), 93.98404119849285, 12525.522213900462, 7243.531459629536]
[(-4.013150652793299, -154.9283701723632), (-15503850.0, -496050.0), (94960, 25371), 58.60034129593445, 0.0, 0.0]
[(-10.440301874144843, -160.98464119877494), (-15968950.0, -1288150.0), (102881, 20720), 52.32590180780452, 315.1723512117751, 153.83368067070842]
[(-21.922479399029704, -157.90871816154154), (-15108550.0, -2685150.0), (116851, 29324), 37.013511046643494, 16372.08671141835, 671.6404696926475]
[(19.634618564714735, -155.6295659377979), (-15030850.0, 2409450.0), (65905, 30101), 209.06697491473875, 465562.73610778456, 255063.03608602722]
[(-14.424226859250894, -144.9349348695328), (-14241350.0, -1776250.0), (107762, 37996), 63.97655820689325, 10979.588802370243, 1664.095199111849]
[(-17.68608371239289, -149.49817025262843), (-14541650.0, -2173450.0), (111734, 34993), 60.30754513325841, 298817.4162450712, 247720.03387741465]
[(-44.05075437272842, -176.49606435072386), (-14402250.0, -5236950.0), (142369, 36387), 67.08203932499369, 634.5296001425013, 634.5296001425013]
[(51.69739445975751, -176.66432360474386), (-13132350.0, 6050050.0), (29499, 49086), 108.0, 417.3791733898688, 417.3791733898688]
[(51.69642665539009, -176.89600783724342), (-13149750.0, 6049950.0), (29500, 48912), 80.0, 0.0, 0.0]
[(-9.778007582772352, -139.10895771660597), (-13816550.0, -1206750.0), (102067, 42244), 70.40596565632774, 7721.232710728567, 2779.503745302558]
[(-21.872545699722092, -138.9757724480035), (-13299950.0, -2679150.0), (116791, 47410), 52.172789842982326, 4397.622667036383, 202.75056007504463]
[(-27.645563967075606, -144.32343271484245), (-13418950.0, -3367050.0), (123670, 46220), 37.69615364994153, 356.83633682876825, 356.83633682876825]
[(53.419753907149435, -168.12492941304882), (-12190950.0, 6226750.0), (27732, 58500), 88.52683209061533, 101.14403189625591, 0.0]
[(-21.524857736603888, -135.4908412672982), (-12985850.0, -2637350.0), (116373, 50551), 47.43416490252569, 2587.3031792491674, 17.182671070098877]
[(-24.352620861884578, -128.3313306866095), (-12141450.0, -2976150.0), (119761, 58995), 47.01063709417264, 71.62988330889493, 0.0]
[(55.68993410107524, -161.24343765427324), (-11286450.0, 6455650.0), (25443, 67545), 213.45959805077868, 10697.194078730015, 1383.4302134495847]
[(18.349779424226305, -114.72970157600672), (-11133750.0, 2253950.0), (67460, 69072), 46.0, 0.0, 0.0]
[(-24.68213462080509, -124.78400029874936), (-11786650.0, -3015450.0), (120154, 62543), 32.202484376209235, 0.0, 0.0]
[(65.50234970776913, -175.39394042758707), (-10091050.0, 7385750.0), (16142, 79499), 594.5418404115895, 9661.760745103253, 801.9863060712814]
[(61.83153983488842, -164.70376366497945), (-10297050.0, 7049950.0), (19500, 77439), 872.7112924673314, 49356.35681644721, 12326.29124166233]
[(43.11164859010872, -122.458954323263), (-10091050.0, 5134150.0), (38658, 79499), 243.10080213771406, 444689.65015215165, 183167.226791563]
[(37.3566503244221, -116.10689040957435), (-10091050.0, 4491850.0), (45081, 79499), 781.5996417604092, 41705867.260000095, 5717.092041547643]
[(32.365358843738804, -113.38366611109606), (-10234750.0, 3919450.0), (50805, 78062), 426.20300327426133, 12291437.330038715, 186125.64302290298]
[(24.84827429301738, -111.39714176637443), (-10513450.0, 3035250.0), (59647, 75275), 130.20752666416791, 3648642.4625683534, 472740.9596493067]
[(-27.078622803825738, -109.384237405652), (-10202750.0, -3300050.0), (123000, 78382), 51.0, 7836.298278328031, 7836.298278328031]
[(62.868166246891, -157.445026703068), (-9628150.0, 7146350.0), (18536, 84128), 825.4513916639792, 25703.931165332004, 899.8457998817275]
[(53.084437492407346, -124.75378242882933), (-9091050.0, 6192550.0), (28074, 89499), 750.539139552362, 704223.578377731, 403.63795120223136]
[(51.69642665539009, -126.29202580858443), (-9388050.0, 6049950.0), (29500, 86529), 711.2032058420434, 18992435.40235426, 345.3121522570717]
[(42.34644885172308, -117.30312387230326), (-9741250.0, 5049950.0), (39500, 82997), 616.5257496650079, 9433046.843705695, 1505.110048212664]
[(33.493475684251244, -106.61734646055542), (-9547850.0, 4049950.0), (49500, 84931), 408.35401308178666, 25373300.527488936, 89093.76225651888]
[(16.87689550064523, -94.35591172629746), (-9202950.0, 2075150.0), (69248, 88380), 232.64780248263682, 91009816.68964805, 611247.8681105416]
[(16.66966913033775, -94.48495230274824), (-9221750.0, 2049950.0), (69500, 88192), 107.33592129385204, 2393824.1130101066, 818992.7980573245]
[(0.5730157222855338, -90.7451672485774), (-9094450.0, 70850.0), (89291, 89465), 66.27216610312357, 0.0, 0.0]
[(-0.8552842324563666, -91.27846097563557), (-9147550.0, -105750.0), (91057, 88934), 196.66468925559565, 3741.0935308234766, 3738.23341863323]
[(-26.475643757587527, -105.35902712230636), (-9859750.0, -3228650.0), (122286, 81812), 24.758836806279895, 0.0, 0.0]
[(68.81605013061316, -156.31972119400976), (-8231350.0, 7674750.0), (13252, 98096), 1034.4486454145513, 165653.05874602706, 448.6627828963101]
[(57.360624450056406, -127.44297031475308), (-8674050.0, 6621050.0), (23789, 93669), 1038.084774958192, 2946872.5330108143, 504.2925691095443]
[(42.34735556363775, -108.2690677790426), (-8990950.0, 5050050.0), (39499, 90500), 270.31278179176064, 5007068.259403977, 51905.05162825353]
[(42.34644885172308, -108.97735666118453), (-9049850.0, 5049950.0), (39500, 89911), 435.40555807201173, 19410725.290829636, 11222.846915285423]
[(27.35349413876918, -97.61397640520524), (-9090950.0, 3332550.0), (56674, 89500), 249.61570463414355, 33388981.28301329, 474826.04871446034]
[(18.081712779596995, -89.87779253829635), (-8730350.0, 2221450.0), (67785, 93106), 348.919761549844, 11887898.538525054, 208661.66816611687]
[(11.397278288323779, -85.19184670465316), (-8433850.0, 1405650.0), (75943, 96071), 259.53805116013336, 53921429.366796404, 3303933.4465382514]
[(7.488872805576556, -81.79744960249126), (-8154750.0, 924950.0), (80750, 98862), 102.1077861869505, 569096.717498952, 111139.56779852067]
[(-6.005677246204409, -81.00524905889503), (-8091050.0, -742050.0), (97420, 99499), 144.53373308677806, 789007.1155805481, 2661.651665687561]
[(65.32007007137165, -130.57633721434001), (-7546150.0, 7369450.0), (16305, 104948), 1531.3216513848422, 22949.305815738888, 0.0]
[(57.03730912261278, -106.76097702062518), (-7306950.0, 6589250.0), (24107, 107340), 1152.9180369826815, 1103090.7550505546, 64.96468329802155]
[(42.99236509550842, -87.04960911371357), (-7181950.0, 5121050.0), (38789, 108590), 574.0601013831217, 17533683.476551067, 2552012.438746791]
[(42.34644885172308, -87.23210003717783), (-7244050.0, 5049950.0), (39500, 107969), 494.5401904800054, 64202552.71335754, 7517672.506128278]
[(26.309487742892177, -80.64131296390514), (-7553350.0, 3208950.0), (57910, 104876), 230.67292862405853, 32650527.498989552, 7150598.109711932]
[(24.495118334896315, -77.96744666195633), (-7371350.0, 2993150.0), (60068, 106696), 189.66285877841239, 15950589.155558022, 3882.8273942791857]
[(9.354373695025437, -72.08127209745254), (-7164750.0, 1154650.0), (78453, 108762), 196.7587355112855, 19273441.634102706, 719320.4347924683]
[(0.404789627837782, -73.3013493560692), (-7346350.0, 50050.0), (89499, 106946), 789.4004053710639, 44383006.44885877, 993.5669302297756]
[(-2.8914111400074134, -70.80851621922471), (-7091050.0, -357450.0), (93574, 109499), 707.5422248883808, 26455427.796397127, 9001.626604121178]
[(-10.88810159099692, -71.55060024654978), (-7091050.0, -1343150.0), (103431, 109499), 1149.4977163961657, 23474034.709570464, 508.5615693181753]
[(-16.1971498586264, -72.54486689999196), (-7091050.0, -1992450.0), (109924, 109499), 235.55254190944322, 94301.08061935054, 82924.92910212511]
[(-26.3145469944573, -80.08298077244304), (-7500850.0, -3209550.0), (122095, 105401), 26.076809620810597, 26.01190724223852, 26.01190724223852]
[(-33.74404706334776, -80.80339925689795), (-7223050.0, -4078850.0), (130788, 108179), 51.62363799656123, 33.61924934387207, 33.61924934387207]
[(65.77718861020048, -113.77609575971812), (-6501550.0, 7410250.0), (15897, 115394), 3059.531009811798, 23722.877896837228, 0.0]
[(51.69739445975751, -81.94049262262087), (-6091050.0, 6050050.0), (29499, 119499), 4210.475032582428, 72006.51769098986, 0.0]
[(51.406427516104465, -84.17974463000112), (-6282850.0, 6019950.0), (29800, 117581), 1095.7965139568569, 26264410.39575658, 3.0072537139058113]
[(42.34644885172308, -81.24848168715627), (-6747150.0, 5049950.0), (39500, 112938), 488.6276701129399, 77337345.06640022, 1292846.6990957197]
[(33.493475684251244, -79.1630601020641), (-7089250.0, 4049950.0), (49500, 109517), 19.235384061671343, 11004.96585386779, 11004.96585386779]
[(21.051246646922856, -73.4585984528395), (-7054550.0, 2580350.0), (64196, 109864), 145.2618325645109, 26313606.055090807, 603.3461656251457]
[(9.155228856637876, -61.25784716776649), (-6091050.0, 1130150.0), (78698, 119499), 298.7607738643077, 24656073.523750667, 240248.9982323998]
[(4.624437087973603, -62.93906131137551), (-6295250.0, 571550.0), (84284, 117457), 696.2707806593638, 3587313.538852202, 3769.194863155688]
[(-0.9830758728622745, -68.2746287140227), (-6842050.0, -121550.0), (91215, 111989), 812.473384179445, 1248155.5350332242, 1104.7216754061983]
[(-14.870612739565592, -62.066977861053), (-6091050.0, -1830750.0), (108307, 119499), 650.8340802385812, 6015163.140226411, 9119.297593566589]
[(-23.83511063155474, -69.03247160855967), (-6547550.0, -2914350.0), (119143, 114934), 440.4781492877938, 15981772.080769517, 6762.773977423087]
[(-24.133963745458086, -67.7085790974409), (-6412750.0, -2950050.0), (119500, 116282), 529.5441435801174, 5435097.038346356, 398.8930234089494]
[(-34.63935581434093, -69.81515163776696), (-6199650.0, -4181850.0), (131818, 118413), 214.96511344867102, 18364828.430412333, 168306.5596662024]
[(-43.169956005054544, -74.18135224696879), (-6109150.0, -5140550.0), (141405, 119318), 168.8342382338369, 557866.3370093135, 133058.74990853015]
[(61.83260856313637, -96.44463438935024), (-6029450.0, 7050050.0), (19499, 120115), 1934.0506715181998, 9082.855151034826, 0.0]
[(51.69739445975751, -70.36318034460189), (-5230450.0, 6050050.0), (29499, 128105), 4235.401397742604, 19155.330624566275, 0.0]
[(51.69642665539009, -71.03350519845536), (-5280350.0, 6049950.0), (29500, 127606), 1461.3452706325086, 18529705.41064413, 0.0]
[(42.34644885172308, -72.34470344604954), (-6007750.0, 5049950.0), (39500, 120332), 49.8196748283246, 6960667.117699707, 5441937.827753244]
[(32.32224293157866, -64.80269613923625), (-5851250.0, 3914450.0), (50855, 121897), 19.697715603592208, 62806.0000082273, 62806.0000082273]
[(16.696801019353593, -62.18309707829296), (-6068550.0, 2053250.0), (69467, 119724), 56.859475903318, 101811.0000062348, 99843.64830331743]
[(9.42672686208223, -61.286162110457845), (-6090950.0, 1163550.0), (78364, 119500), 263.79727064547126, 2254024.691126707, 54794.34350683354]
[(0.404789627837782, -57.477353774074025), (-5760450.0, 50050.0), (89499, 122805), 1421.5628723345303, 2579000.312062828, 0.0]
[(0.40398085221228797, -54.9968375612852), (-5511850.0, 49950.0), (89500, 125291), 1114.0, 6276302.998756075, 298.53745548427105]
[(-9.037387793246772, -52.73485996252568), (-5244650.0, -1115650.0), (101156, 127963), 775.1670787643138, 3562547.735170161, 2263.904331868237]
[(-19.195446041603493, -61.391291438940286), (-5939150.0, -2356350.0), (113563, 121018), 775.1264412984503, 5563007.8684688015, 911.1294379550964]
[(-30.507056902861816, -62.59254761994), (-5720150.0, -3703150.0), (127031, 123208), 365.60361048545457, 20037683.57540209, 219722.43807737972]
[(-41.44214643271657, -67.12485579250763), (-5623950.0, -4949950.0), (139499, 124170), 275.4650613054222, 25881908.69426405, 11831.533257650211]
[(-48.53543653790565, -73.25680378303683), (-5677450.0, -5719250.0), (147192, 123635), 402.1989557420556, 1336433.3086438118, 5898.165919614956]
[(-52.949406043442515, -72.19541221785542), (-5271450.0, -6178750.0), (151787, 127695), 270.8228203087768, 358983.535376976, 1959.5636666649953]
[(65.14826889200947, -70.4954988541595), (-4091050.0, 7354050.0), (16459, 139499), 1267.452563214892, 22216.16666921333, 0.0]
[(51.69739445975751, -61.00823849224956), (-4535050.0, 6050050.0), (29499, 135059), 2117.4749113035555, 40887.38278947787, 0.0]
[(51.69642665539009, -62.54368063554851), (-4649250.0, 6049950.0), (29500, 133917), 1505.908695771427, 1066017.644324691, 0.0]
[(1.5945647986834053, -50.14879833888892), (-5024850.0, 197150.0), (88028, 130161), 236.57768280207665, 53255.49442080781, 40488.74598912988]
[(-5.939219865595786, -50.96530063031974), (-5090950.0, -733850.0), (97338, 129500), 400.681918733551, 19435370.56579102, 58421.10446133169]
[(-11.185419316529805, -50.32588324782056), (-4984450.0, -1379650.0), (103796, 130565), 332.2845166419886, 9324712.838915363, 62730.32668741961]
[(-15.848995595161046, -47.23992891263286), (-4622550.0, -1950050.0), (109500, 134184), 133.00375934536586, 92296587.7667656, 2060783.7405126018]
[(-32.62853458421684, -52.79724150561271), (-4757150.0, -3949950.0), (129499, 132838), 202.05444810743464, 26785987.87474814, 410353.30354722514]
[(-32.63112464433703, -52.86811480399717), (-4763450.0, -3950250.0), (129502, 132775), 230.00869548780108, 3835147.4662712933, 15308.61469609235]
[(-54.731183160083376, -66.46090865571128), (-4723650.0, -6359550.0), (153595, 133173), 220.32702966272657, 185576.31012310524, 6373.575097271241]
[(69.87041104593413, -73.6091439728609), (-3755750.0, 7763650.0), (12363, 142852), 1735.5852039009783, 8091.408127776347, 0.0]
[(53.312779242420575, -56.328518507495104), (-4090950.0, 6215850.0), (27841, 139500), 349.2448997480135, 192.46824926370755, 192.46824926370755]
[(49.767951875261176, -53.161864759042956), (-4055950.0, 5849150.0), (31508, 139850), 21.095023109728988, 0.09216084331274033, 0.09216084331274033]
[(-6.486372172830671, -40.46973312219283), (-4039950.0, -801350.0), (98013, 140010), 60.41522986797286, 18298708.729567327, 575460.3241627996]
[(-9.634063185670858, -38.676618700685594), (-3842450.0, -1189050.0), (101890, 141985), 170.57842770995398, 28189160.504138514, 708874.2646850419]
[(-16.05753182778645, -40.911779643682685), (-4000750.0, -1975450.0), (109754, 140402), 75.39230729988306, 10875945.883499702, 299087.27840760164]
[(73.40558351391283, -46.246878336739215), (-2091050.0, 8049950.0), (9500, 159499), 4181.59694375247, 47178.82974394401, 0.0]
[(61.83153983488842, -44.63391139393728), (-2790450.0, 7049950.0), (19500, 152505), 1062.4655288525835, 6895.910780168822, 278.0774927772727]
[(38.48219594052742, -28.422593628738962), (-2446750.0, 4619050.0), (43809, 155942), 57.3149195236284, 217933.99851196876, 36810.238453450394]
[(16.83330500754068, -22.92145807545729), (-2235950.0, 2069850.0), (69301, 158050), 53.85164807134504, 189814.47130749002, 15386.696633541025]
[(16.51183990497379, -24.318037622892955), (-2374650.0, 2030750.0), (69692, 156663), 48.27007354458868, 449025.5286145434, 15282.78863914404]
[(-20.51683792094426, -29.31837712287103), (-2821750.0, -2515950.0), (115159, 152192), 43.139309220245984, 0.0, 0.0]
[(73.40558351391283, -46.24466667856094), (-2090950.0, 8049950.0), (9500, 159500), 5436.849179442078, 343585.82441018336, 0.0]
[(25.575090296898964, -13.206016313228316), (-1241750.0, 3121750.0), (58782, 167992), 886.4423275092407, 2868829.8680137764, 1395.7829630738124]
[(24.971675211009867, -13.650931636445312), (-1287550.0, 3049950.0), (59500, 167534), 977.7218418343737, 3269442.623933409, 19.44586008321494]
[(12.899200239094109, -13.174849698721673), (-1299750.0, 1589750.0), (74102, 167412), 105.11898020814318, 42351133.700325005, 1236683.199561927]
[(7.326599129836696, -10.941454837616464), (-1091050.0, 904950.0), (80950, 169499), 77.46612162745726, 6218632.208430047, 2178601.210625602]
[(-7.948234377486003, -14.316816938936242), (-1426350.0, -981550.0), (99815, 166146), 46.400431032480725, 978.5509084053338, 978.5509084053338]
[(-37.302834611546515, -12.67673676314839), (-1102250.0, -4485750.0), (134857, 169387), 47.70744176750625, 0.0, 0.0]
[(65.15049751977301, -16.349399538013607), (-948750.0, 7354250.0), (16457, 170922), 329.1959902550455, 97190.09809880482, 31164.412793489173]
[(58.36054817853559, -6.354891626789224), (-424950.0, 6718750.0), (22812, 176160), 69.63476143421474, 36460431.95447916, 42372.53301439398]
[(42.34735556363775, -6.486426168445082), (-538650.0, 5050050.0), (39499, 175023), 53.45091205957107, 21100568.10559566, 594946.2777791298]
[(33.49434224057699, -2.365666162655958), (-211850.0, 4050050.0), (49499, 178291), 376.88857769903296, 56335561.68814542, 322000.7908815814]
[(28.138945863315183, -4.997546339530294), (-463350.0, 3425250.0), (55747, 175776), 983.0005086468674, 18053995.9576684, 3280.2734445892274]
[(19.75876107426693, -0.9431852595803036), (-91050.0, 2424450.0), (65755, 179499), 2229.70962234996, 704963.7376496354, 0.0]
[(8.863497531384798, -3.5197131859562654), (-350150.0, 1094250.0), (79057, 176908), 334.24841061701403, 59080890.935293935, 439718.043312924]
[(5.394706084761028, -8.517873580840192), (-851350.0, 666650.0), (83333, 171896), 198.65799757371965, 56224405.406736776, 770346.2534866026]
[(-15.906457950475687, -5.683528601157157), (-556050.0, -1957050.0), (109570, 174849), 31.144823004794873, 3562.9133486757055, 3562.9133486757055]
[(-40.312060532484445, -9.949366918709886), (-842550.0, -4824250.0), (138242, 171984), 66.46803743153546, 353.535736951977, 0.0]
[(67.43871010074129, 16.60778467457134), (908950.0, 7556350.0), (14436, 189499), 306.413119823548, 1176400.0105940085, 34107.36992681958]
[(59.093698378653066, 13.776468778636406), (908950.0, 6789750.0), (22102, 189499), 224.7420743875076, 57756937.16830817, 471600.3609504476]
[(46.152934358591565, 10.57444903015284), (843150.0, 5464850.0), (35351, 188841), 95.75489543621255, 174736417.7816453, 6299847.513572714]
[(33.83168197121634, 5.468836892758424), (488550.0, 4088950.0), (49110, 185295), 203.57799488156869, 69929208.06121752, 733331.5910744285]
[(24.97251483374509, 6.695881609139506), (631550.0, 3050050.0), (59499, 186725), 1070.9780576650485, 3540969.7588305366, 14.55257224291563]
[(19.415389311424008, 9.40337751735771), (908950.0, 2382950.0), (66170, 189499), 907.8419465964326, 1517268.6579796802, 16595.915135979652]
[(16.66966913033775, 4.058905723396721), (396150.0, 2049950.0), (69500, 184371), 505.90315278717134, 131464814.18876374, 72173.15490545332]
[(5.560794485369309, 8.500321667479962), (849450.0, 687150.0), (83128, 188904), 187.8084130170957, 170620065.4048983, 15412437.0934929]
[(-0.843961004744416, 9.06990474061688), (908950.0, -104350.0), (91043, 189499), 111.01801655587259, 377098.6841549347, 119976.08386404207]
[(67.17446961940199, 16.49207676517827), (909050.0, 7533350.0), (14666, 189500), 529.365658123003, 3605298.289148159, 529.2836616015993]
[(58.760503778082246, 27.470683919862452), (1823650.0, 6757550.0), (22424, 198646), 193.19679086361657, 46475446.166181736, 549464.514436997]
[(43.08250264942029, 19.515788610161575), (1608650.0, 5130950.0), (38690, 196496), 93.13431161500041, 101117474.5766032, 1696762.500478075]
[(37.96640302542768, 14.515952141467038), (1255150.0, 4560850.0), (44391, 192961), 80.02499609497022, 34367200.75094489, 2936885.7790164026]
[(24.97251483374509, 20.23925769577525), (1908950.0, 3050050.0), (59499, 199499), 1653.95314322988, 6947078.248930671, 0.0]
[(24.971675211009867, 19.106851344506946), (1802150.0, 3049950.0), (59500, 198431), 1273.0946547684505, 662683.0265527195, 0.0]
[(16.66966913033775, 19.55887436748245), (1908950.0, 2049950.0), (69500, 199499), 943.3981132056604, 67263245.82045358, 456.3384041786194]
[(0.404789627837782, 13.540546821707881), (1357050.0, 50050.0), (89499, 193980), 471.00955404322747, 42450285.48035848, 46010.00952105271]
[(-0.11524945657435376, 12.699227861557493), (1272750.0, -14250.0), (90142, 193137), 381.4144727196387, 40068521.46009594, 78999.81359046698]
[(-13.737701788212178, 18.067825302620612), (1778650.0, -1692350.0), (106923, 198196), 625.0887936925442, 34107457.03968876, 19392.97569492366]
[(-15.848995595161046, 18.45377586699696), (1805750.0, -1950050.0), (109500, 198467), 532.0, 4583844.497336432, 2142.026761556044]
[(-24.133963745458086, 14.986109195267666), (1419350.0, -2950050.0), (119500, 194603), 501.9770911107398, 535483.6519064723, 1009.3933489430929]
[(-32.62939793444709, 20.93134665388819), (1885950.0, -3950050.0), (129500, 199269), 70.71067811865476, 7570947.752503605, 30359.447062392952]
[(65.97301764370937, 49.624721588550116), (2821850.0, 7427650.0), (15723, 208628), 932.2687380793159, 942808.0462615942, 1065.8810040382668]
[(60.716614594766206, 31.652129594462387), (2024250.0, 6944950.0), (20550, 200652), 497.98092332939825, 50220624.30335763, 6455422.712114764]
[(44.90513346062914, 29.40417795415451), (2377450.0, 5329950.0), (36700, 204184), 132.90974381135493, 52075054.868402764, 914172.2083411724]
[(38.587828603985145, 33.44486969211706), (2876450.0, 4630950.0), (43690, 209174), 187.8084130170957, 64319908.57042121, 1918950.055167051]
[(27.049036570514808, 26.363578812533977), (2459450.0, 3296550.0), (57034, 205004), 1266.0351495910372, 98374621.38868622, 35.36892667040229]
[(21.546474966379982, 23.284491860066208), (2231450.0, 2639950.0), (63600, 202724), 1392.053519086102, 336075.42424248485, 0.0]
[(15.919593082733481, 19.51367447187988), (1909050.0, 1958650.0), (70413, 199500), 1051.4965525383334, 25602694.31631991, 789.999422878027]
[(7.088097748697201, 26.593119532689546), (2652650.0, 875550.0), (81244, 206936), 772.4901293867773, 13962476.775410913, 1160.4147701635957]
[(-3.0969457759091017, 20.762003547131606), (2078950.0, -382850.0), (93828, 201199), 407.265269818088, 45283626.43568452, 216372.39925466105]
[(-14.578170348381013, 20.81642555544064), (2044550.0, -1795050.0), (107950, 200855), 467.3157390886808, 43735142.30931556, 201048.23812049255]
[(-22.89503821342585, 23.388968263084266), (2228150.0, -2801850.0), (118018, 202691), 625.6932155617479, 14358794.667342553, 10713.03878384782]
[(-24.133963745458086, 20.156572909589418), (1909050.0, -2950050.0), (119500, 199500), 500.75243384331145, 49099500.29495637, 23.24225896387361]
[(-33.632166377649476, 23.845067240939553), (2133250.0, -4065950.0), (130659, 201742), 93.64827814754524, 3866034.931500662, 410391.1591626598]
[(73.40558351391283, 86.45261235953076), (3908950.0, 8049950.0), (9500, 219499), 971.7818685281178, 640562.496128907, 0.0]
[(60.012467638560885, 58.55341142797918), (3796650.0, 6877950.0), (21220, 218376), 531.3266415304242, 24873312.00222616, 362532.2570670082]
[(47.44225079737194, 49.769190747276745), (3908950.0, 5603050.0), (33969, 219499), 456.40004382120736, 31660706.17924744, 64773.04454955459]
[(35.07440758852901, 42.112856929296406), (3727350.0, 4231750.0), (47682, 217683), 521.8141431582704, 87409186.57174781, 1614486.6362625621]
[(28.662090664967085, 39.54330192779951), (3655050.0, 3486850.0), (55131, 216960), 631.0887417788405, 63995568.10409473, 1714.1347165754996]
[(22.3180246362, 34.32156438237278), (3278150.0, 2732650.0), (62673, 213191), 776.9588148673004, 20886122.36077505, 32202.761070162058]
[(16.66966913033775, 36.38158623734254), (3550850.0, 2049950.0), (69500, 215918), 564.8406855034435, 98606662.52750865, 492861.2990481779]
[(6.7863880129595655, 32.07620224805927), (3200850.0, 838350.0), (81616, 212418), 585.4921007152872, 116543372.99400139, 298921.23760990426]
[(-0.9733701159631517, 33.10770495825043), (3317850.0, -120350.0), (91203, 213588), 780.6977648232381, 153505183.73004115, 1059486.8253734168]
[(-8.542614101709926, 38.06342073819652), (3788650.0, -1054750.0), (100547, 218296), 488.77909120583297, 55828069.64955329, 212748.0982468892]
[(-15.848995595161046, 29.72889751399003), (2909050.0, -1950050.0), (109500, 209500), 261.658173959844, 34018231.35387855, 241488.57537444402]
[(-24.134801240194065, 34.350411320899255), (3253350.0, -2950150.0), (119501, 212943), 108.0, 11910738.124644838, 975932.9982716925]
[(-46.8969501871147, 37.758677454942195), (2984850.0, -5544750.0), (145447, 210258), 104.12012293500234, 0.0, 0.0]
[(73.40558351391283, 98.25844371514223), (4442750.0, 8049950.0), (9500, 224837), 1941.7118735795998, 848950.2600873816, 0.0]
[(58.213557434353824, 72.48901880629008), (4860150.0, 6704450.0), (22955, 229011), 540.4535132645545, 15766921.602487603, 16801.530788542237]
[(42.34735556363775, 55.3468627756407), (4596150.0, 5050050.0), (39499, 226371), 749.1248227098072, 5159454.853554245, 150.9688303298317]
[(42.34644885172308, 56.37112779440213), (4681250.0, 5049950.0), (39500, 227222), 1079.6281767349349, 63919552.17523144, 23.213731868192554]
[(29.96494597497816, 45.40245307359584), (4163450.0, 3639750.0), (53602, 222044), 546.5757038142109, 69144732.84990977, 10948.600916430354]
[(20.234155557142007, 49.88514362820883), (4806650.0, 2481850.0), (65181, 228476), 1420.6551305647688, 18124428.2067575, 0.0]
[(16.66966913033775, 46.76988489429556), (4564750.0, 2049950.0), (69500, 226057), 708.3784299369935, 68001678.37320192, 18077.55576670915]
[(1.4530112198011111, 41.67595038367048), (4176050.0, 179650.0), (88203, 222170), 339.418620585259, 37311702.08857822, 479609.82951594517]
[(-1.4942636114408372, 41.426929865369026), (4151050.0, -184750.0), (91847, 221920), 207.87015177749788, 19914771.677132674, 449645.9640227952]
[(-15.683210586247752, 50.14145212158292), (4908950.0, -1929850.0), (109298, 229499), 168.8342382338369, 10944594.827112326, 353444.56196236983]
[(-24.13312625280642, 43.88330112901732), (4156250.0, -2949950.0), (119499, 221972), 132.23085872821065, 27969878.28138119, 818283.1651942395]
[(-24.27050297223393, 43.90417855215783), (4155450.0, -2966350.0), (119663, 221964), 135.80132547217644, 2563521.027253555, 408633.4389455896]
[(67.48477137957549, 108.0995452609593), (5908950.0, 7560350.0), (14396, 239499), 2661.9122825517748, 18455.996486485004, 0.0]
[(61.83153983488842, 94.51506055697314), (5908950.0, 7049950.0), (19500, 239499), 1396.540368195635, 7033756.025179036, 0.0]
[(42.84224522085451, 64.99012698147772), (5370150.0, 5104550.0), (38954, 234111), 851.099289154914, 7207441.208637306, 120.12123691942543]
[(35.07178944998831, 55.730757551656325), (4932750.0, 4231450.0), (47685, 229737), 691.5562160808042, 61754633.6411994, 2602.3192158211023]
[(30.098231394164426, 59.05798828531496), (5411150.0, 3655350.0), (53446, 234521), 803.5178902799862, 22939398.129471544, 13840.47666214779]
[(20.48864370691447, 50.9999058500367), (4909050.0, 2512550.0), (64874, 229500), 1720.4978930530547, 8725935.04972689, 0.0]
[(15.83175810769292, 50.16515474468128), (4909050.0, 1947950.0), (70520, 229500), 423.71688661180355, 687828.9081270285, 87240.21974290069]
[(7.24628206237943, 49.35568961225508), (4922150.0, 895050.0), (81049, 229631), 181.86808406094787, 98152.43505836278, 74797.00551131368]
[(-5.436023989973654, 53.344138888175), (5331450.0, -671750.0), (96717, 233724), 45.221676218380054, 111247.56437556073, 149.37815567851067]
[(-15.46087669235864, 50.108966620940286), (4909050.0, -1902750.0), (109027, 229500), 216.01157376399996, 596142.5398981995, 219872.76765573816]
[(-21.243113841650914, 55.769037739295285), (5351450.0, -2603450.0), (116034, 233924), 60.13318551349163, 2305923.999554304, 1031821.999940014]
[(66.90783002505054, 106.44721365588543), (5909050.0, 7510050.0), (14899, 239500), 1515.943600534004, 46600.62716501532, 0.0]
[(61.83153983488842, 107.30325319954078), (6708450.0, 7049950.0), (19500, 247494), 1311.7781824683623, 7469929.852137379, 0.0]
[(51.69642665539009, 89.94357711745101), (6686050.0, 6049950.0), (29500, 247270), 493.2200320343852, 15744069.903175289, 37004.18261175975]
[(38.968235037333386, 80.59959518287783), (6908950.0, 4673750.0), (43262, 249499), 1574.93174455276, 118519524.86284602, 0.0]
[(30.626062921136946, 64.70892816487796), (5909050.0, 3717050.0), (52829, 239500), 973.5219566090947, 255000632.59138116, 95794.42353785783]
[(24.141501273128085, 70.30429923704423), (6658350.0, 2950950.0), (60490, 246993), 250.7309314783479, 62902722.33468643, 1915284.6525435597]
[(-19.732274257653856, 63.305002864639654), (6111750.0, -2421250.0), (114212, 241527), 32.64965543462902, 41074.60592135787, 41074.60592135787]
[(64.31386058709225, 116.7203353802048), (6909050.0, 7278750.0), (17212, 249500), 1135.649593844862, 217273.19932292541, 0.0]
[(58.06063417940087, 110.66084052417112), (7439750.0, 6689550.0), (23104, 254807), 1157.9762519153837, 2444817.0311851986, 24.210565872490406]
[(42.34735556363775, 90.9851775357135), (7555650.0, 5050050.0), (39499, 255966), 905.7869506677605, 9528966.681945445, 97347.61749886104]
[(34.970578970706995, 89.28725126410288), (7908950.0, 4219850.0), (47801, 259499), 2714.6436230194195, 5103238.357848638, 0.0]
[(33.493475684251244, 82.5164002930081), (7389550.0, 4049950.0), (49500, 254305), 992.4298463871388, 426180626.12689877, 1226.2661157548428]
[(19.59655553255134, 80.7799819560235), (7802950.0, 2404850.0), (65951, 258439), 106.02358228243375, 347871580.5127492, 3591018.3282853393]
[(15.745579078916087, 78.80031048776478), (7713250.0, 1937450.0), (70625, 257542), 127.88275880665071, 231676418.7976144, 7484634.454121916]
[(8.503627790673328, 77.44963762518825), (7709450.0, 1049950.0), (79500, 257504), 56.639209034025185, 4970188.738686597, 4481664.048039129]
[(0.2883262252252393, 73.40755644825481), (7357050.0, 35650.0), (89643, 253980), 45.39823785126467, 34761.783383110735, 14513.99974577102]
[(66.59104381086057, 147.66290703058155), (8265150.0, 7482250.0), (15177, 263061), 1081.1410638764953, 333645.9693294866, 41.479208309203386]
[(57.771857924337176, 129.88161952488952), (8776750.0, 6661350.0), (23386, 268177), 1306.3096876315356, 1324756.9856208737, 0.0]
[(42.34735556363775, 95.2408222176563), (7909050.0, 5050050.0), (39499, 259500), 770.7301732772631, 3682127.927715839, 4.2932960987091064]
[(35.030776071616, 89.32934879367649), (7909050.0, 4226750.0), (47732, 259500), 2200.0454540758924, 7990792.702838722, 0.0]
[(33.493475684251244, 92.96948638272735), (8325650.0, 4049950.0), (49500, 263666), 817.8178281255551, 225876801.1795891, 6327.052082400303]
[(21.592207763181488, 92.98031135453842), (8908950.0, 2645450.0), (63545, 269499), 151.81897114655993, 390360428.8701345, 3037008.0835142704]
[(8.5044399899774, 80.9708894216031), (8059950.0, 1050050.0), (79499, 261009), 96.42613753542138, 13246141.432419691, 556447.8749407306]
[(6.632317084410869, 81.63790641213916), (8148150.0, 819350.0), (81806, 261891), 105.89145385724005, 20911810.355874017, 4003157.125949723]
[(66.54785446738651, 158.9886624962954), (8909050.0, 7478450.0), (15215, 269500), 1377.3514438951302, 32827.24040730065, 0.0]
[(54.59518393390706, 132.94255093372504), (9468850.0, 6345850.0), (26541, 275098), 960.2510088513316, 496961.1300245692, 21.517003861255944]
[(45.50138908073616, 110.91462485798523), (8909050.0, 5394550.0), (36054, 269500), 615.8449480185739, 16685503.398795687, 8270.532693129033]
[(38.79126918948864, 104.47803046238234), (8969750.0, 4653850.0), (43461, 270107), 619.4271547163556, 149763505.52009898, 36005.150931366836]
[(33.493475684251244, 100.08598223250631), (8962950.0, 4049950.0), (49500, 270039), 366.9386869764484, 149661985.5066834, 52552.55645869207]
[(20.463768099088583, 93.78987515629603), (9028750.0, 2509550.0), (64904, 270697), 322.5523213371747, 80508648.51565646, 2012977.8787440537]
[(13.608502928162256, 98.77755388691693), (9727250.0, 1676550.0), (73234, 277682), 252.62026838715852, 36807165.664175555, 1501362.4554390889]
[(3.7978266355582266, 97.13306697621663), (9721750.0, 469450.0), (85305, 277627), 241.23225323326895, 14859017.55747157, 1240214.10714514]
[(-1.1577814489340243, 98.72903884216035), (9893650.0, -143150.0), (91431, 279346), 84.20213774008353, 36135.54124729335, 14279.08222939074]
[(-12.079717470326791, 96.84096043510537), (9572450.0, -1489350.0), (104893, 276134), 34.92849839314596, 495.24711812334135, 495.24711812334135]
[(61.83260856313637, 171.90224963921895), (10746850.0, 7050050.0), (19499, 287878), 1566.392351871012, 22199.64509093715, 0.0]
[(61.83153983488842, 172.59741353253054), (10790550.0, 7049950.0), (19500, 288315), 901.113200435994, 87267.19195136335, 98.61382368672639]
[(46.79802626256121, 137.5679348225671), (10887450.0, 5534150.0), (34658, 289284), 924.3727603083076, 62262101.67899309, 2754.2436399674043]
[(42.05655060537078, 127.86054370117665), (10648550.0, 5017950.0), (39820, 286895), 152.8397853963424, 351644380.99531585, 1575493.7535872485]
[(29.24670272442504, 112.89963802024474), (10398950.0, 3555550.0), (54444, 284399), 109.65856099730654, 316200112.2841357, 14866912.019704241]
[(17.466159298693906, 106.01951622270145), (10320250.0, 2146750.0), (68532, 283612), 195.80091930325557, 204709858.97722796, 1912373.2581568204]
[(14.345633119767715, 107.09881850762059), (10525850.0, 1766650.0), (72333, 285668), 294.4163718273833, 105232046.52614817, 1703624.3958470805]
[(0.404789627837782, 102.60652308979752), (10283350.0, 50050.0), (89499, 283243), 347.60466049810094, 56075381.19137621, 1182476.054039821]
[(-2.9739468997235483, 102.37671664552228), (10251950.0, -367650.0), (93676, 282929), 205.50669088864237, 123863459.85073929, 2244011.847101826]
[(-10.531469826595142, 105.64850958503771), (10477950.0, -1299350.0), (102993, 285189), 47.53945729601885, 535128.8124488008, 4150.153728648322]
[(-24.13312625280642, 115.18092940785408), (10908950.0, -2949950.0), (119499, 289499), 381.8376618407357, 358.58930642332416, 23.15552890195977]
[(-32.62853458421684, 120.44594422660346), (10852450.0, -3949950.0), (129499, 288934), 491.8099226327179, 2436847.0088686557, 282.2059537926689]
[(-32.62939793444709, 120.15255563915316), (10825950.0, -3950050.0), (129500, 288669), 450.92349683732385, 309150.1142148326, 770.063628779375]
[(62.770834878809566, 178.01369677322222), (10909050.0, 7137350.0), (18626, 289500), 260.62233212063774, 802.3212022306398, 800.3271308504045]
[(56.43711267617447, 157.78149567649245), (10909050.0, 6529950.0), (24700, 289500), 709.365914038728, 275507.9804270277, 268.5338548030704]
[(46.228188837467, 136.9347721350541), (10909050.0, 5472950.0), (35270, 289500), 544.8678738923777, 5153634.621237422, 947.4411078058183]
[(42.34644885172308, 143.00655186208192), (11875750.0, 5049950.0), (39500, 299167), 91.0494371207203, 66835698.02153329, 52701.66906542331]
[(31.243389779124495, 120.10215284917476), (10923450.0, 3789050.0), (52109, 289644), 139.52060779684126, 164923795.55840436, 32354773.20416831]
[(23.63267570952949, 121.09436532129605), (11496550.0, 2890150.0), (61098, 295375), 141.15594213493105, 66467027.53420345, 8005141.227267274]
[(15.447752829917887, 120.15606883996085), (11771850.0, 1901150.0), (70988, 298128), 122.18837915284743, 48005598.43346615, 15294689.692629421]
[(1.951297106071444, 115.85197218360254), (11606850.0, 241250.0), (87587, 296478), 681.8482235805855, 11480033.86566483, 23990.138880933635]
[(-2.5305456365017474, 113.67782665752495), (11386250.0, -312850.0), (93128, 294272), 335.2148564726808, 57566311.88977271, 2159716.3487289585]
[(-8.333892497270233, 118.09419276221338), (11758450.0, -1029050.0), (100290, 297994), 118.86967653695369, 35501484.22577092, 1307317.1754777823]
[(-24.13312625280642, 125.73931764942216), (11908950.0, -2949950.0), (119499, 299499), 2371.821662773152, 154612.98815381125, 0.0]
[(-29.857341728671884, 129.77998751322446), (11908950.0, -3627150.0), (126271, 299499), 1812.0397346636746, 50551.33779065448, 0.0]
[(-32.62939793444709, 122.41444404980159), (11029750.0, -3950050.0), (129500, 290707), 639.9257769460455, 1156.6901171113132, 241.07197775668465]
[(-54.558482743617226, 158.88757080574405), (11323250.0, -6342150.0), (153421, 293642), 29.966648127543394, 0.0, 0.0]
[(52.86728874343161, 172.9965576673206), (12646750.0, 6170350.0), (28296, 306877), 103.40696301506973, 303.968418878736, 26.886388381477445]
[(45.864347855342956, 149.921952685797), (11993250.0, 5433750.0), (35662, 300342), 149.78985279383915, 173417.75827924442, 5298.785707338247]
[(36.98376552413411, 139.0841765844859), (12125350.0, 4449550.0), (45504, 301663), 91.76055797563569, 89922164.2292053, 6517275.72522174]
[(31.300053887690826, 130.98765803011088), (11909050.0, 3795650.0), (52043, 299500), 55.47071299343465, 1860029.86517338, 107640.41942569311]
[(17.141811248517303, 122.2078300811587), (11909050.0, 2107350.0), (68926, 299500), 113.07077429645558, 38839.83341535687, 38839.83341535687]
[(16.59814663582832, 121.99057419022071), (11909050.0, 2041250.0), (69587, 299500), 185.16209115258988, 48327027.561297365, 85970.07852423238]
[(0.5527961506759506, 123.64663017123132), (12391850.0, 68350.0), (89316, 304328), 187.66459442313567, 32216348.327532984, 1664424.9178176336]
[(-3.3089699681211893, 121.71886913772325), (12186450.0, -409050.0), (94090, 302274), 299.2941696725815, 19345205.272728804, 1655601.9972234396]
[(-15.848174749682718, 127.16696703379725), (12443650.0, -1949950.0), (109499, 304846), 708.4101919086145, 6904441.096293954, 131.81570624606684]
[(-21.335343546673112, 125.81148247213733), (12067850.0, -2614550.0), (116145, 301088), 1955.0432220286077, 56497.085723982425, 0.0]
[(-28.29425865746046, 131.8214008492917), (12210850.0, -3443550.0), (124435, 302518), 1751.1861694291672, 52021.45386673355, 0.0]
[(-34.77004195677186, 141.4130614768176), (12545250.0, -4196850.0), (131968, 305862), 320.8519907994962, 9603998.290344832, 36649.7802236537]
[(-42.30837135593606, 146.0109908785241), (12129850.0, -5045750.0), (140457, 301708), 244.62420158275427, 376445.15381323866, 291012.6201689939]
[(-50.73333330633, 166.02666429159282), (12505950.0, -5950050.0), (149500, 305469), 99.0, 0.0, 0.0]
[(51.95316235703709, 177.41430091832828), (13140850.0, 6076450.0), (29235, 311818), 91.13725912051558, 0.0, 0.0]
[(51.38711836562028, 179.30030681513412), (13385850.0, 6017950.0), (29820, 314268), 46.09772228646444, 0.0, 0.0]
[(26.556646151396272, 142.17710083069102), (13299450.0, 3238250.0), (57617, 313404), 41.23105625617661, 1086.1124525628984, 1086.1124525628984]
[(24.745056385713625, 141.30042776871318), (13342550.0, 3022950.0), (59770, 313835), 30.364452901377952, 2170.57319573313, 2170.57319573313]
[(9.978919088195065, 139.6186822941391), (13861950.0, 1231450.0), (77685, 319029), 34.0, 10052.654028735204, 1129.2676879123028]
[(7.277921461555008, 134.39271083657783), (13402150.0, 898950.0), (81010, 314431), 39.44616584663204, 19082.66366430575, 17593.561094483826]
[(-2.647862892819737, 136.88096343886252), (13709550.0, -327350.0), (93273, 317505), 440.2646931108603, 8592977.863305543, 326293.0459192358]
[(-15.848174749682718, 134.73445238484192), (13184150.0, -1949950.0), (109499, 312251), 548.5344109534059, 343806.7823032634, 628.6779482748243]
[(-24.13312625280642, 136.29876172981437), (12909050.0, -2949950.0), (119499, 309500), 1219.738496563915, 50947.18358280453, 0.0]
[(-24.133963745458086, 136.29931511408046), (12909050.0, -2950050.0), (119500, 309500), 1897.7465584213294, 551204.5270486644, 0.0]
[(-36.698615717767474, 148.0955470793214), (12941050.0, -4417150.0), (134171, 309820), 265.6689669494727, 8117406.333147583, 34102.34494081812]
[(-45.93852897764218, 166.94532960148695), (13343850.0, -5441750.0), (144417, 313848), 247.29132617218906, 389228.8165482997, 88969.38408756781]
[(18.770758857543473, 145.66805090388), (14114550.0, 2304950.0), (66950, 321555), 50.24937810560445, 151.81636053696275, 0.0]
[(16.349951654874495, 145.67698592584435), (14232650.0, 2011050.0), (69889, 322736), 55.60575509783138, 233472.77740671177, 0.0]
[(8.152818447567391, 140.35075541624857), (13978450.0, 1006750.0), (79932, 320194), 32.0, 13173.891628131387, 0.0]
[(-7.691747492185304, 142.16016498352818), (14168450.0, -949950.0), (99499, 322094), 624.256357596781, 11202140.967797462, 17183.870842687786]
[(-14.928791505624769, 141.75501092460715), (13909050.0, -1837850.0), (108378, 319500), 491.6879091456287, 2125452.9530550907, 10.748366269282997]
[(-16.9295381965054, 142.63118921788768), (13909050.0, -2081550.0), (110815, 319500), 847.8000943618725, 1037381.993907495, 34.90394504927099]
[(-24.133963745458086, 149.0317271890255), (14114950.0, -2950050.0), (119500, 321559), 194.94101672044292, 5133738.466609759, 6627.189169135585]
[(-41.021453488916, 172.43874917082735), (14505850.0, -4903250.0), (139032, 325468), 188.79883474216678, 1048376.8087482497, 127030.37386885236]
[(-42.32106289887024, 172.7665302296126), (14350750.0, -5047150.0), (140471, 323917), 197.7978766316767, 768167.3908238389, 26680.93467262041]
[(8.736756288657482, 152.1799691233458), (15142450.0, 1078650.0), (79213, 331834), 28.160255680657446, 2681.8139111518394, 1811.437442675233]
[(6.876406580377002, 158.2258001813784), (15787350.0, 849450.0), (81505, 338283), 49.39635614091387, 89323.07530170679, 45219.43849704682]
[(-5.846832992253646, 149.98132459488474), (14983250.0, -722450.0), (97224, 330242), 251.76576415390556, 1355003.0193138467, 255501.74387943745]
[(-8.1641853945621, 159.3893547103738), (15874350.0, -1008150.0), (100081, 339153), 122.11470017978998, 731700.9001567392, 32127.258636070415]
[(-21.101073192220138, 165.193383450355), (15860950.0, -2586350.0), (115863, 339019), 92.41753080449618, 263841.0621383316, 50616.3016215472]
[(-29.118951261526103, 167.95271306982968), (15481750.0, -3540550.0), (125405, 335227), 25.942243542145693, 1854.3153147005942, 1854.3153147005942]
[(-35.86830148355368, 175.2664330102489), (15417350.0, -4322550.0), (133225, 334583), 212.08488866489287, 3289262.455493033, 151581.6020908817]
[(9.843075001644966, 160.86588535880855), (15975550.0, 1214750.0), (77852, 340165), 52.46903848937962, 12178.97222445227, 0.0]
[(7.572452740984038, 168.91168572722432), (16837550.0, 935250.0), (80647, 348785), 37.36308338453881, 8713.459290463594, 1633.1480439454317]
[(-5.046381456999513, 159.37172945237623), (15934450.0, -623650.0), (96236, 339754), 34.058772731852805, 15956.734475891106, 2598.734439469874]
[(-10.529841737239305, 161.7081035262115), (16037850.0, -1299150.0), (102991, 340788), 129.80754985747168, 537687.408877537, 84534.84295784682]
[(-21.882531907162104, 166.4564072926071), (15929150.0, -2680350.0), (116803, 339701), 120.81390648431164, 305005.46663022134, 43430.443570824806]
[(9.390956034291921, 170.20879210506106), (16917350.0, 1159150.0), (78408, 349583), 36.796738985948195, 1089.755488080904, 691.5741279553622]
[(5.998382992352571, 172.0983778189527), (17189850.0, 741150.0), (82588, 352308), 38.948684188300895, 153029.7789224051, 371.30929847992957]
[(-1.4238920587979884, 174.97414290475638), (17533050.0, -176050.0), (91760, 355740), 40.0, 13421.681820303493, 5330.92763151438]
[(-9.396646753118253, 179.8532676995404), (17875750.0, -1159850.0), (101598, 359167), 42.720018726587654, 11374.854458608665, 127.45011481642723]
[(-18.109749318606134, 177.73220658679622), (17262450.0, -2224850.0), (112248, 353034), 94.82615672903758, 966235.0013963674, 804898.3861313876]
